0,480,32,32
32,480,32,32
64,480,32,32
96,480,32,32
128,480,32,32
160,480,32,32
192,480,32,32
224,480,32,32
256,480,32,32
288,480,32,32
320,480,32,32
352,480,32,32
384,480,32,32
416,480,32,32
448,480,32,32
480,480,32,32
512,480,32,32
544,480,32,32
576,480,32,32
608,480,32,32
640,480,32,32
672,480,32,32
704,480,32,32
736,480,32,32
768,480,32,32
800,480,32,32
832,480,32,32
864,480,32,32
896,480,32,32
928,480,32,32
960,480,32,32
992,480,32,32
1024,480,32,32
1056,480,32,32
1088,480,32,32
1120,480,32,32
1152,480,32,32
1184,480,32,32
1216,480,32,32
1248,480,32,32
1280,480,32,32
1312,480,32,32
1344,480,32,32
1376,480,32,32
1408,480,32,32
1440,480,32,32
1472,480,32,32
1504,480,32,32
1536,480,32,32
1568,480,32,32
1600,480,32,32
1632,480,32,32
1664,480,32,32
1696,480,32,32
1728,480,32,32
1760,480,32,32
1792,480,32,32
1824,480,32,32
1856,480,32,32
1888,480,32,32
1920,480,32,32
1952,480,32,32
1984,480,32,32
2016,480,32,32
2048,480,32,32
2080,480,32,32
2112,480,32,32
2144,480,32,32
2176,480,32,32
2208,480,32,32
2240,480,32,32
2272,480,32,32
2304,480,32,32
2336,480,32,32
2368,480,32,32
2400,480,32,32
2432,480,32,32
2464,480,32,32
2496,480,32,32
2528,480,32,32
2560,480,32,32
2592,480,32,32
2624,480,32,32
2656,480,32,32
2688,480,32,32
2720,480,32,32
2752,480,32,32
2784,480,32,32
2816,480,32,32
2848,480,32,32
2880,480,32,32
2912,480,32,32
2944,480,32,32
2976,480,32,32
3008,480,32,32
3040,480,32,32
3072,480,32,32
3104,480,32,32
3136,480,32,32
3168,480,32,32
3200,480,32,32
3232,480,32,32
3264,480,32,32
3296,480,32,32
3328,480,32,32
3360,480,32,32
3392,480,32,32
3424,480,32,32
3456,480,32,32
3488,480,32,32
3520,480,32,32
3552,480,32,32
3584,480,32,32
3616,480,32,32
3648,480,32,32
3680,480,32,32
3712,480,32,32
3744,480,32,32
3776,480,32,32
3808,480,32,32
3840,480,32,32
3872,480,32,32
3904,480,32,32
3936,480,32,32
3968,480,32,32
4000,480,32,32
4032,480,32,32
4064,480,32,32
4096,480,32,32
4128,480,32,32
4160,480,32,32
4192,480,32,32
4224,480,32,32
4256,480,32,32
4288,480,32,32
4320,480,32,32
4352,480,32,32
4384,480,32,32
4416,480,32,32
4448,480,32,32
4480,480,32,32
4512,480,32,32
4544,480,32,32
4576,480,32,32
4608,480,32,32
4640,480,32,32
4672,480,32,32
4704,480,32,32
4736,480,32,32
4768,480,32,32
4800,480,32,32
4832,480,32,32
4864,480,32,32
4896,480,32,32
4928,480,32,32
4960,480,32,32
4992,480,32,32
5024,480,32,32
5056,480,32,32
5088,480,32,32
5120,480,32,32
5152,480,32,32
5184,480,32,32
5216,480,32,32
5248,480,32,32
5280,480,32,32
5312,480,32,32
5344,480,32,32
5376,480,32,32
5408,480,32,32
5440,480,32,32
5472,480,32,32
5504,480,32,32
5536,480,32,32
5568,480,32,32
5600,480,32,32
5632,480,32,32
5664,480,32,32
5696,480,32,32
5728,480,32,32
5760,480,32,32
5792,480,32,32
5824,480,32,32
5856,480,32,32
5888,480,32,32
5920,480,32,32
5952,480,32,32
5984,480,32,32
6016,480,32,32
6048,480,32,32
6080,480,32,32
6112,480,32,32
6144,480,32,32
6176,480,32,32
6208,480,32,32
6240,480,32,32
6272,480,32,32
6304,480,32,32
6336,480,32,32
6368,480,32,32
6400,480,32,32
6432,480,32,32
6464,480,32,32
6496,480,32,32
6528,480,32,32
6560,480,32,32
6592,480,32,32
6624,480,32,32
6656,480,32,32
6688,480,32,32
6720,480,32,32
6752,480,32,32
6784,480,32,32
6816,480,32,32
6848,480,32,32
6880,480,32,32
6912,480,32,32
6944,480,32,32
6976,480,32,32
7008,480,32,32
7040,480,32,32
7072,480,32,32
7104,480,32,32
7136,480,32,32
7168,480,32,32
7200,480,32,32
7232,480,32,32
7264,480,32,32
7296,480,32,32
7328,480,32,32
7360,480,32,32
7392,480,32,32
7424,480,32,32
7456,480,32,32
7488,480,32,32
7520,480,32,32
7552,480,32,32
7584,480,32,32
7616,480,32,32
7648,480,32,32
7680,480,32,32
7712,480,32,32
7744,480,32,32
7776,480,32,32
7808,480,32,32
7840,480,32,32
7872,480,32,32
7904,480,32,32
7936,480,32,32
7968,480,32,32
8000,480,32,32
8032,480,32,32
8064,480,32,32
8096,480,32,32
8128,480,32,32
8160,480,32,32
8192,480,32,32
8224,480,32,32
8256,480,32,32
8288,480,32,32
8320,480,32,32
8352,480,32,32
8384,480,32,32
8416,480,32,32
8448,480,32,32
8480,480,32,32
8512,480,32,32
8544,480,32,32
8576,480,32,32
8608,480,32,32
8640,480,32,32
8672,480,32,32
8704,480,32,32
8736,480,32,32
8768,480,32,32
8800,480,32,32
8832,480,32,32
8864,480,32,32
8896,480,32,32
8928,480,32,32
8960,480,32,32
8992,480,32,32
9024,480,32,32
9056,480,32,32
9088,480,32,32
9120,480,32,32
9152,480,32,32
9184,480,32,32
9216,480,32,32
9248,480,32,32
9280,480,32,32
9312,480,32,32
9344,480,32,32
9376,480,32,32
9408,480,32,32
9440,480,32,32
9472,480,32,32
9504,480,32,32
9536,480,32,32
9568,480,32,32
9600,480,32,32
9632,480,32,32
9664,480,32,32
9696,480,32,32
9728,480,32,32
9760,480,32,32
9792,480,32,32
9824,480,32,32
9856,480,32,32
9888,480,32,32
9920,480,32,32
9952,480,32,32
9984,480,32,32
10016,480,32,32
10048,480,32,32
10080,480,32,32
10112,480,32,32
10144,480,32,32
10176,480,32,32
10208,480,32,32
10240,480,32,32
10272,480,32,32
10304,480,32,32
10336,480,32,32
10368,480,32,32
10400,480,32,32
10432,480,32,32
10464,480,32,32
10496,480,32,32
10528,480,32,32
10560,480,32,32
10592,480,32,32
10624,480,32,32
10656,480,32,32
10688,480,32,32
10720,480,32,32
10752,480,32,32
10784,480,32,32
10816,480,32,32
10848,480,32,32
10880,480,32,32
10912,480,32,32
10944,480,32,32
10976,480,32,32
11008,480,32,32
11040,480,32,32
11072,480,32,32
11104,480,32,32
11136,480,32,32
11168,480,32,32
11200,480,32,32
11232,480,32,32
11264,480,32,32
11296,480,32,32
11328,480,32,32
11360,480,32,32
11392,480,32,32
11424,480,32,32
11456,480,32,32
11488,480,32,32
11520,480,32,32
11552,480,32,32
11584,480,32,32
11616,480,32,32
11648,480,32,32
11680,480,32,32
11712,480,32,32
11744,480,32,32
11776,480,32,32
11808,480,32,32
11840,480,32,32
11872,480,32,32
11904,480,32,32
11936,480,32,32
11968,480,32,32
12000,480,32,32
12032,480,32,32
12064,480,32,32
12096,480,32,32
12128,480,32,32
12160,480,32,32
12192,480,32,32
12224,480,32,32
12256,480,32,32
12288,480,32,32
12320,480,32,32
12352,480,32,32
12384,480,32,32
12416,480,32,32
12448,480,32,32
12480,480,32,32
12512,480,32,32
12544,480,32,32
12576,480,32,32
12608,480,32,32
12640,480,32,32
12672,480,32,32
12704,480,32,32
12736,480,32,32
12768,480,32,32
12800,480,32,32
12832,480,32,32
12864,480,32,32
12896,480,32,32
12928,480,32,32
12960,480,32,32
12992,480,32,32
13024,480,32,32
13056,480,32,32
13088,480,32,32
13120,480,32,32
13152,480,32,32
13184,480,32,32
13216,480,32,32
13248,480,32,32
13280,480,32,32
13312,480,32,32
13344,480,32,32
13376,480,32,32
13408,480,32,32
13440,480,32,32
13472,480,32,32
13504,480,32,32
13536,480,32,32
13568,480,32,32
13600,480,32,32
13632,480,32,32
13664,480,32,32
13696,480,32,32
13728,480,32,32
13760,480,32,32
13792,480,32,32
13824,480,32,32
13856,480,32,32
13888,480,32,32
13920,480,32,32
13952,480,32,32
13984,480,32,32
14016,480,32,32
14048,480,32,32
14080,480,32,32
14112,480,32,32
14144,480,32,32
14176,480,32,32
14208,480,32,32
14240,480,32,32
14272,480,32,32
14304,480,32,32
14336,480,32,32
14368,480,32,32
14400,480,32,32
14432,480,32,32
14464,480,32,32
14496,480,32,32
14528,480,32,32
14560,480,32,32
14592,480,32,32
14624,480,32,32
14656,480,32,32
14688,480,32,32
14720,480,32,32
14752,480,32,32
14784,480,32,32
14816,480,32,32
14848,480,32,32
14880,480,32,32
14912,480,32,32
14944,480,32,32
14976,480,32,32
15008,480,32,32
15040,480,32,32
15072,480,32,32
15104,480,32,32
15136,480,32,32
15168,480,32,32
15200,480,32,32
15232,480,32,32
15264,480,32,32
15296,480,32,32
15328,480,32,32
15360,480,32,32
15392,480,32,32
15424,480,32,32
15456,480,32,32
15488,480,32,32
15520,480,32,32
15552,480,32,32
15584,480,32,32
15616,480,32,32
15648,480,32,32
15680,480,32,32
15712,480,32,32
15744,480,32,32
15776,480,32,32
15808,480,32,32
15840,480,32,32
15872,480,32,32
15904,480,32,32
15936,480,32,32
15968,480,32,32
16000,480,32,32
16032,480,32,32
16064,480,32,32
16096,480,32,32
16128,480,32,32
16160,480,32,32
16192,480,32,32
16224,480,32,32
16256,480,32,32
16288,480,32,32
16320,480,32,32
16352,480,32,32
16384,480,32,32
16416,480,32,32
16448,480,32,32
16480,480,32,32
16512,480,32,32
16544,480,32,32
16576,480,32,32
16608,480,32,32
16640,480,32,32
16672,480,32,32
16704,480,32,32
16736,480,32,32
16768,480,32,32
16800,480,32,32
16832,480,32,32
16864,480,32,32
16896,480,32,32
16928,480,32,32
16960,480,32,32
16992,480,32,32
17024,480,32,32
17056,480,32,32
17088,480,32,32
17120,480,32,32
17152,480,32,32
17184,480,32,32
17216,480,32,32
17248,480,32,32
17280,480,32,32
17312,480,32,32
17344,480,32,32
17376,480,32,32
17408,480,32,32
17440,480,32,32
17472,480,32,32
17504,480,32,32
17536,480,32,32
17568,480,32,32
17600,480,32,32
17632,480,32,32
17664,480,32,32
17696,480,32,32
17728,480,32,32
17760,480,32,32
17792,480,32,32
17824,480,32,32
17856,480,32,32
17888,480,32,32
17920,480,32,32
17952,480,32,32
17984,480,32,32
18016,480,32,32
18048,480,32,32
18080,480,32,32
18112,480,32,32
18144,480,32,32
18176,480,32,32
18208,480,32,32
18240,480,32,32
18272,480,32,32
18304,480,32,32
18336,480,32,32
18368,480,32,32
18400,480,32,32
18432,480,32,32
18464,480,32,32
18496,480,32,32
18528,480,32,32
18560,480,32,32
18592,480,32,32
18624,480,32,32
18656,480,32,32
18688,480,32,32
18720,480,32,32
18752,480,32,32
18784,480,32,32
18816,480,32,32
18848,480,32,32
18880,480,32,32
18912,480,32,32
18944,480,32,32
18976,480,32,32
19008,480,32,32
19040,480,32,32
19072,480,32,32
19104,480,32,32
19136,480,32,32
19168,480,32,32
19200,480,32,32
19232,480,32,32
19264,480,32,32
19296,480,32,32
19328,480,32,32
19360,480,32,32
19392,480,32,32
19424,480,32,32
19456,480,32,32
19488,480,32,32
19520,480,32,32
19552,480,32,32
19584,480,32,32
19616,480,32,32
19648,480,32,32
19680,480,32,32
19712,480,32,32
19744,480,32,32
19776,480,32,32
19808,480,32,32
19840,480,32,32
19872,480,32,32
19904,480,32,32
19936,480,32,32
19968,480,32,32
20000,480,32,32
20032,480,32,32
20064,480,32,32
20096,480,32,32
20128,480,32,32
20160,480,32,32
20192,480,32,32
20224,480,32,32
20256,480,32,32
20288,480,32,32
20320,480,32,32
20352,480,32,32
20384,480,32,32
20416,480,32,32
20448,480,32,32
20480,480,32,32
20512,480,32,32
20544,480,32,32
20576,480,32,32
20608,480,32,32
20640,480,32,32
20672,480,32,32
20704,480,32,32
20736,480,32,32
20768,480,32,32
20800,480,32,32
20832,480,32,32
20864,480,32,32
20896,480,32,32
20928,480,32,32
20960,480,32,32
20992,480,32,32
21024,480,32,32
21056,480,32,32
21088,480,32,32
21120,480,32,32
21152,480,32,32
21184,480,32,32
21216,480,32,32
21248,480,32,32
21280,480,32,32
21312,480,32,32
21344,480,32,32
21376,480,32,32
21408,480,32,32
21440,480,32,32
21472,480,32,32
21504,480,32,32
21536,480,32,32
21568,480,32,32
21600,480,32,32
21632,480,32,32
21664,480,32,32
21696,480,32,32
21728,480,32,32
21760,480,32,32
21792,480,32,32
21824,480,32,32
21856,480,32,32
21888,480,32,32
21920,480,32,32
21952,480,32,32
21984,480,32,32
22016,480,32,32
22048,480,32,32
22080,480,32,32
22112,480,32,32
22144,480,32,32
22176,480,32,32
22208,480,32,32
22240,480,32,32
22272,480,32,32
22304,480,32,32
22336,480,32,32
22368,480,32,32
22400,480,32,32
22432,480,32,32
22464,480,32,32
22496,480,32,32
22528,480,32,32
22560,480,32,32
22592,480,32,32
22624,480,32,32
22656,480,32,32
22688,480,32,32
22720,480,32,32
22752,480,32,32
22784,480,32,32
22816,480,32,32
22848,480,32,32
22880,480,32,32
22912,480,32,32
22944,480,32,32
22976,480,32,32
23008,480,32,32
23040,480,32,32
23072,480,32,32
23104,480,32,32
23136,480,32,32
23168,480,32,32
23200,480,32,32
23232,480,32,32
23264,480,32,32
23296,480,32,32
23328,480,32,32
23360,480,32,32
23392,480,32,32
23424,480,32,32
23456,480,32,32
23488,480,32,32
23520,480,32,32
23552,480,32,32
23584,480,32,32
23616,480,32,32
23648,480,32,32
23680,480,32,32
23712,480,32,32
23744,480,32,32
23776,480,32,32
23808,480,32,32
23840,480,32,32
23872,480,32,32
23904,480,32,32
23936,480,32,32
23968,480,32,32
24000,480,32,32
24032,480,32,32
24064,480,32,32
24096,480,32,32
24128,480,32,32
24160,480,32,32
24192,480,32,32
24224,480,32,32
24256,480,32,32
24288,480,32,32
24320,480,32,32
24352,480,32,32
24384,480,32,32
24416,480,32,32
24448,480,32,32
24480,480,32,32
24512,480,32,32
24544,480,32,32
24576,480,32,32
24608,480,32,32
24640,480,32,32
24672,480,32,32
24704,480,32,32
24736,480,32,32
24768,480,32,32
24800,480,32,32
24832,480,32,32
24864,480,32,32
24896,480,32,32
24928,480,32,32
24960,480,32,32
24992,480,32,32
25024,480,32,32
25056,480,32,32
25088,480,32,32
25120,480,32,32
25152,480,32,32
25184,480,32,32
25216,480,32,32
25248,480,32,32
25280,480,32,32
25312,480,32,32
25344,480,32,32
25376,480,32,32
25408,480,32,32
25440,480,32,32
25472,480,32,32
25504,480,32,32
25536,480,32,32
25568,480,32,32
25600,480,32,32
25632,480,32,32
25664,480,32,32
25696,480,32,32
25728,480,32,32
25760,480,32,32
25792,480,32,32
25824,480,32,32
25856,480,32,32
25888,480,32,32
25920,480,32,32
25952,480,32,32
25984,480,32,32
26016,480,32,32
26048,480,32,32
26080,480,32,32
26112,480,32,32
26144,480,32,32
26176,480,32,32
26208,480,32,32
26240,480,32,32
26272,480,32,32
26304,480,32,32
26336,480,32,32
26368,480,32,32
26400,480,32,32
26432,480,32,32
26464,480,32,32
26496,480,32,32
26528,480,32,32
26560,480,32,32
26592,480,32,32
26624,480,32,32
26656,480,32,32
26688,480,32,32
26720,480,32,32
26752,480,32,32
26784,480,32,32
26816,480,32,32
26848,480,32,32
26880,480,32,32
26912,480,32,32
26944,480,32,32
26976,480,32,32
27008,480,32,32
27040,480,32,32
27072,480,32,32
27104,480,32,32
27136,480,32,32
27168,480,32,32
27200,480,32,32
27232,480,32,32
27264,480,32,32
27296,480,32,32
27328,480,32,32
27360,480,32,32
27392,480,32,32
27424,480,32,32
27456,480,32,32
27488,480,32,32
27520,480,32,32
27552,480,32,32
27584,480,32,32
27616,480,32,32
27648,480,32,32
27680,480,32,32
27712,480,32,32
27744,480,32,32
27776,480,32,32
27808,480,32,32
27840,480,32,32
27872,480,32,32
27904,480,32,32
27936,480,32,32
27968,480,32,32
28000,480,32,32
28032,480,32,32
28064,480,32,32
28096,480,32,32
28128,480,32,32
28160,480,32,32
28192,480,32,32
28224,480,32,32
28256,480,32,32
28288,480,32,32
28320,480,32,32
28352,480,32,32
28384,480,32,32
28416,480,32,32
28448,480,32,32
28480,480,32,32
28512,480,32,32
28544,480,32,32
28576,480,32,32
28608,480,32,32
28640,480,32,32
28672,480,32,32
28704,480,32,32
28736,480,32,32
28768,480,32,32
28800,480,32,32
28832,480,32,32
28864,480,32,32
28896,480,32,32
28928,480,32,32
28960,480,32,32
28992,480,32,32
29024,480,32,32
29056,480,32,32
29088,480,32,32
29120,480,32,32
29152,480,32,32
29184,480,32,32
29216,480,32,32
29248,480,32,32
29280,480,32,32
29312,480,32,32
29344,480,32,32
29376,480,32,32
29408,480,32,32
29440,480,32,32
29472,480,32,32
29504,480,32,32
29536,480,32,32
29568,480,32,32
29600,480,32,32
29632,480,32,32
29664,480,32,32
29696,480,32,32
29728,480,32,32
29760,480,32,32
29792,480,32,32
29824,480,32,32
29856,480,32,32
29888,480,32,32
29920,480,32,32
29952,480,32,32
29984,480,32,32
30016,480,32,32
30048,480,32,32
30080,480,32,32
30112,480,32,32
30144,480,32,32
30176,480,32,32
30208,480,32,32
30240,480,32,32
30272,480,32,32
30304,480,32,32
30336,480,32,32
30368,480,32,32
30400,480,32,32
30432,480,32,32
30464,480,32,32
30496,480,32,32
30528,480,32,32
30560,480,32,32
30592,480,32,32
30624,480,32,32
30656,480,32,32
30688,480,32,32
30720,480,32,32
30752,480,32,32
30784,480,32,32
30816,480,32,32
30848,480,32,32
30880,480,32,32
30912,480,32,32
30944,480,32,32
30976,480,32,32
31008,480,32,32
31040,480,32,32
31072,480,32,32
31104,480,32,32
31136,480,32,32
31168,480,32,32
31200,480,32,32
31232,480,32,32
31264,480,32,32
31296,480,32,32
31328,480,32,32
31360,480,32,32
31392,480,32,32
31424,480,32,32
31456,480,32,32
31488,480,32,32
31520,480,32,32
31552,480,32,32
31584,480,32,32
31616,480,32,32
31648,480,32,32
31680,480,32,32
31712,480,32,32
31744,480,32,32
31776,480,32,32
31808,480,32,32
31840,480,32,32
31872,480,32,32
31904,480,32,32
31936,480,32,32
31968,480,32,32
32000,480,32,32
32032,480,32,32
32064,480,32,32
32096,480,32,32
32128,480,32,32
32160,480,32,32
32192,480,32,32
32224,480,32,32
32256,480,32,32
32288,480,32,32
32320,480,32,32
32352,480,32,32
32384,480,32,32
32416,480,32,32
32448,480,32,32
32480,480,32,32
32512,480,32,32
32544,480,32,32
32576,480,32,32
32608,480,32,32
32640,480,32,32
32672,480,32,32
32704,480,32,32
32736,480,32,32
32768,480,32,32
32800,480,32,32
32832,480,32,32
32864,480,32,32
32896,480,32,32
32928,480,32,32
32960,480,32,32
32992,480,32,32
33024,480,32,32
33056,480,32,32
33088,480,32,32
33120,480,32,32
33152,480,32,32
33184,480,32,32
33216,480,32,32
33248,480,32,32
33280,480,32,32
33312,480,32,32
33344,480,32,32
33376,480,32,32
33408,480,32,32
33440,480,32,32
33472,480,32,32
33504,480,32,32
33536,480,32,32
33568,480,32,32
33600,480,32,32
33632,480,32,32
33664,480,32,32
33696,480,32,32
33728,480,32,32
33760,480,32,32
33792,480,32,32
33824,480,32,32
33856,480,32,32
33888,480,32,32
33920,480,32,32
33952,480,32,32
33984,480,32,32
34016,480,32,32
34048,480,32,32
34080,480,32,32
34112,480,32,32
34144,480,32,32
34176,480,32,32
34208,480,32,32
34240,480,32,32
34272,480,32,32
34304,480,32,32
34336,480,32,32
34368,480,32,32
34400,480,32,32
34432,480,32,32
34464,480,32,32
34496,480,32,32
34528,480,32,32
34560,480,32,32
34592,480,32,32
34624,480,32,32
34656,480,32,32
34688,480,32,32
34720,480,32,32
34752,480,32,32
34784,480,32,32
34816,480,32,32
34848,480,32,32
34880,480,32,32
34912,480,32,32
34944,480,32,32
34976,480,32,32
35008,480,32,32
35040,480,32,32
35072,480,32,32
35104,480,32,32
35136,480,32,32
35168,480,32,32
35200,480,32,32
35232,480,32,32
35264,480,32,32
35296,480,32,32
35328,480,32,32
35360,480,32,32
35392,480,32,32
35424,480,32,32
35456,480,32,32
35488,480,32,32
35520,480,32,32
35552,480,32,32
35584,480,32,32
35616,480,32,32
35648,480,32,32
35680,480,32,32
35712,480,32,32
35744,480,32,32
35776,480,32,32
35808,480,32,32
35840,480,32,32
35872,480,32,32
35904,480,32,32
35936,480,32,32
35968,480,32,32
36000,480,32,32
36032,480,32,32
36064,480,32,32
36096,480,32,32
36128,480,32,32
36160,480,32,32
36192,480,32,32
36224,480,32,32
36256,480,32,32
36288,480,32,32
36320,480,32,32
36352,480,32,32
36384,480,32,32
36416,480,32,32
36448,480,32,32
36480,480,32,32
36512,480,32,32
36544,480,32,32
36576,480,32,32
36608,480,32,32
36640,480,32,32
36672,480,32,32
36704,480,32,32
36736,480,32,32
36768,480,32,32
36800,480,32,32
36832,480,32,32
36864,480,32,32
36896,480,32,32
36928,480,32,32
36960,480,32,32
36992,480,32,32
37024,480,32,32
37056,480,32,32
37088,480,32,32
37120,480,32,32
37152,480,32,32
37184,480,32,32
37216,480,32,32
37248,480,32,32
37280,480,32,32
37312,480,32,32
37344,480,32,32
37376,480,32,32
37408,480,32,32
37440,480,32,32
37472,480,32,32
37504,480,32,32
37536,480,32,32
37568,480,32,32
37600,480,32,32
37632,480,32,32
37664,480,32,32
37696,480,32,32
37728,480,32,32
37760,480,32,32
37792,480,32,32
37824,480,32,32
37856,480,32,32
37888,480,32,32
37920,480,32,32
37952,480,32,32
37984,480,32,32
38016,480,32,32
38048,480,32,32
38080,480,32,32
38112,480,32,32
38144,480,32,32
38176,480,32,32
38208,480,32,32
38240,480,32,32
38272,480,32,32
38304,480,32,32
38336,480,32,32
38368,480,32,32
38400,480,32,32
38432,480,32,32
38464,480,32,32
38496,480,32,32
38528,480,32,32
38560,480,32,32
38592,480,32,32
38624,480,32,32
38656,480,32,32
38688,480,32,32
38720,480,32,32
38752,480,32,32
38784,480,32,32
38816,480,32,32
38848,480,32,32
38880,480,32,32
38912,480,32,32
38944,480,32,32
38976,480,32,32
39008,480,32,32
39040,480,32,32
39072,480,32,32
39104,480,32,32
39136,480,32,32
39168,480,32,32
39200,480,32,32
39232,480,32,32
39264,480,32,32
39296,480,32,32
39328,480,32,32
39360,480,32,32
39392,480,32,32
39424,480,32,32
39456,480,32,32
39488,480,32,32
39520,480,32,32
39552,480,32,32
39584,480,32,32
39616,480,32,32
39648,480,32,32
39680,480,32,32
39712,480,32,32
39744,480,32,32
39776,480,32,32
39808,480,32,32
39840,480,32,32
39872,480,32,32
39904,480,32,32
39936,480,32,32
39968,480,32,32
40000,480,32,32
40032,480,32,32
40064,480,32,32
40096,480,32,32
40128,480,32,32
40160,480,32,32
40192,480,32,32
40224,480,32,32
40256,480,32,32
40288,480,32,32
40320,480,32,32
40352,480,32,32
40384,480,32,32
40416,480,32,32
40448,480,32,32
40480,480,32,32
40512,480,32,32
40544,480,32,32
40576,480,32,32
40608,480,32,32
40640,480,32,32
40672,480,32,32
40704,480,32,32
40736,480,32,32
40768,480,32,32
40800,480,32,32
40832,480,32,32
40864,480,32,32
40896,480,32,32
40928,480,32,32
40960,480,32,32
40992,480,32,32
41024,480,32,32
41056,480,32,32
41088,480,32,32
41120,480,32,32
41152,480,32,32
41184,480,32,32
41216,480,32,32
41248,480,32,32
41280,480,32,32
41312,480,32,32
41344,480,32,32
41376,480,32,32
41408,480,32,32
41440,480,32,32
41472,480,32,32
41504,480,32,32
41536,480,32,32
41568,480,32,32
41600,480,32,32
41632,480,32,32
41664,480,32,32
41696,480,32,32
41728,480,32,32
41760,480,32,32
41792,480,32,32
41824,480,32,32
41856,480,32,32
41888,480,32,32
41920,480,32,32
41952,480,32,32
41984,480,32,32
42016,480,32,32
42048,480,32,32
42080,480,32,32
42112,480,32,32
42144,480,32,32
42176,480,32,32
42208,480,32,32
42240,480,32,32
42272,480,32,32
42304,480,32,32
42336,480,32,32
42368,480,32,32
42400,480,32,32
42432,480,32,32
42464,480,32,32
42496,480,32,32
42528,480,32,32
42560,480,32,32
42592,480,32,32
42624,480,32,32
42656,480,32,32
42688,480,32,32
42720,480,32,32
42752,480,32,32
42784,480,32,32
42816,480,32,32
42848,480,32,32
42880,480,32,32
42912,480,32,32
42944,480,32,32
42976,480,32,32
43008,480,32,32
43040,480,32,32
43072,480,32,32
43104,480,32,32
43136,480,32,32
43168,480,32,32
43200,480,32,32
43232,480,32,32
43264,480,32,32
43296,480,32,32
43328,480,32,32
43360,480,32,32
43392,480,32,32
43424,480,32,32
43456,480,32,32
43488,480,32,32
43520,480,32,32
43552,480,32,32
43584,480,32,32
43616,480,32,32
43648,480,32,32
43680,480,32,32
43712,480,32,32
43744,480,32,32
43776,480,32,32
43808,480,32,32
43840,480,32,32
43872,480,32,32
43904,480,32,32
43936,480,32,32
43968,480,32,32
44000,480,32,32
44032,480,32,32
44064,480,32,32
44096,480,32,32
44128,480,32,32
44160,480,32,32
44192,480,32,32
44224,480,32,32
44256,480,32,32
44288,480,32,32
44320,480,32,32
44352,480,32,32
44384,480,32,32
44416,480,32,32
44448,480,32,32
44480,480,32,32
44512,480,32,32
44544,480,32,32
44576,480,32,32
44608,480,32,32
44640,480,32,32
44672,480,32,32
44704,480,32,32
44736,480,32,32
44768,480,32,32
44800,480,32,32
44832,480,32,32
44864,480,32,32
44896,480,32,32
44928,480,32,32
44960,480,32,32
44992,480,32,32
45024,480,32,32
45056,480,32,32
45088,480,32,32
45120,480,32,32
45152,480,32,32
45184,480,32,32
45216,480,32,32
45248,480,32,32
45280,480,32,32
45312,480,32,32
45344,480,32,32
45376,480,32,32
45408,480,32,32
45440,480,32,32
45472,480,32,32
45504,480,32,32
45536,480,32,32
45568,480,32,32
45600,480,32,32
45632,480,32,32
45664,480,32,32
45696,480,32,32
45728,480,32,32
45760,480,32,32
45792,480,32,32
45824,480,32,32
45856,480,32,32
45888,480,32,32
45920,480,32,32
45952,480,32,32
45984,480,32,32
46016,480,32,32
46048,480,32,32
46080,480,32,32
46112,480,32,32
46144,480,32,32
46176,480,32,32
46208,480,32,32
46240,480,32,32
46272,480,32,32
46304,480,32,32
46336,480,32,32
46368,480,32,32
46400,480,32,32
46432,480,32,32
46464,480,32,32
46496,480,32,32
46528,480,32,32
46560,480,32,32
46592,480,32,32
46624,480,32,32
46656,480,32,32
46688,480,32,32
46720,480,32,32
46752,480,32,32
46784,480,32,32
46816,480,32,32
46848,480,32,32
46880,480,32,32
46912,480,32,32
46944,480,32,32
46976,480,32,32
47008,480,32,32
47040,480,32,32
47072,480,32,32
47104,480,32,32
47136,480,32,32
47168,480,32,32
47200,480,32,32
47232,480,32,32
47264,480,32,32
47296,480,32,32
47328,480,32,32
47360,480,32,32
47392,480,32,32
47424,480,32,32
47456,480,32,32
47488,480,32,32
47520,480,32,32
47552,480,32,32
47584,480,32,32
47616,480,32,32
47648,480,32,32
47680,480,32,32
47712,480,32,32
47744,480,32,32
47776,480,32,32
47808,480,32,32
47840,480,32,32
47872,480,32,32
47904,480,32,32
47936,480,32,32
47968,480,32,32
48000,480,32,32
48032,480,32,32
48064,480,32,32
48096,480,32,32
48128,480,32,32
48160,480,32,32
48192,480,32,32
48224,480,32,32
48256,480,32,32
48288,480,32,32
48320,480,32,32
48352,480,32,32
48384,480,32,32
48416,480,32,32
48448,480,32,32
48480,480,32,32
48512,480,32,32
48544,480,32,32
48576,480,32,32
48608,480,32,32
48640,480,32,32
48672,480,32,32
48704,480,32,32
48736,480,32,32
48768,480,32,32
48800,480,32,32
48832,480,32,32
48864,480,32,32
48896,480,32,32
48928,480,32,32
48960,480,32,32
48992,480,32,32
49024,480,32,32
49056,480,32,32
49088,480,32,32
49120,480,32,32
49152,480,32,32
49184,480,32,32
49216,480,32,32
49248,480,32,32
49280,480,32,32
49312,480,32,32
49344,480,32,32
49376,480,32,32
49408,480,32,32
49440,480,32,32
49472,480,32,32
49504,480,32,32
49536,480,32,32
49568,480,32,32
49600,480,32,32
49632,480,32,32
49664,480,32,32
49696,480,32,32
49728,480,32,32
49760,480,32,32
49792,480,32,32
49824,480,32,32
49856,480,32,32
49888,480,32,32
49920,480,32,32
49952,480,32,32
49984,480,32,32
50016,480,32,32
50048,480,32,32
50080,480,32,32
50112,480,32,32
50144,480,32,32
50176,480,32,32
50208,480,32,32
50240,480,32,32
50272,480,32,32
50304,480,32,32
50336,480,32,32
50368,480,32,32
50400,480,32,32
50432,480,32,32
50464,480,32,32
50496,480,32,32
50528,480,32,32
50560,480,32,32
50592,480,32,32
50624,480,32,32
50656,480,32,32
50688,480,32,32
50720,480,32,32
50752,480,32,32
50784,480,32,32
50816,480,32,32
50848,480,32,32
50880,480,32,32
50912,480,32,32
50944,480,32,32
50976,480,32,32
51008,480,32,32
51040,480,32,32
51072,480,32,32
51104,480,32,32
51136,480,32,32
51168,480,32,32
51200,480,32,32
51232,480,32,32
51264,480,32,32
51296,480,32,32
51328,480,32,32
51360,480,32,32
51392,480,32,32
51424,480,32,32
51456,480,32,32
51488,480,32,32
51520,480,32,32
51552,480,32,32
51584,480,32,32
51616,480,32,32
51648,480,32,32
51680,480,32,32
51712,480,32,32
51744,480,32,32
51776,480,32,32
51808,480,32,32
51840,480,32,32
51872,480,32,32
51904,480,32,32
51936,480,32,32
51968,480,32,32
52000,480,32,32
52032,480,32,32
52064,480,32,32
52096,480,32,32
52128,480,32,32
52160,480,32,32
52192,480,32,32
52224,480,32,32
52256,480,32,32
52288,480,32,32
52320,480,32,32
52352,480,32,32
52384,480,32,32
52416,480,32,32
52448,480,32,32
52480,480,32,32
52512,480,32,32
52544,480,32,32
52576,480,32,32
52608,480,32,32
52640,480,32,32
52672,480,32,32
52704,480,32,32
52736,480,32,32
52768,480,32,32
52800,480,32,32
52832,480,32,32
52864,480,32,32
52896,480,32,32
52928,480,32,32
52960,480,32,32
52992,480,32,32
53024,480,32,32
53056,480,32,32
53088,480,32,32
53120,480,32,32
53152,480,32,32
53184,480,32,32
53216,480,32,32
53248,480,32,32
53280,480,32,32
53312,480,32,32
53344,480,32,32
53376,480,32,32
53408,480,32,32
53440,480,32,32
53472,480,32,32
53504,480,32,32
53536,480,32,32
53568,480,32,32
53600,480,32,32
53632,480,32,32
53664,480,32,32
53696,480,32,32
53728,480,32,32
53760,480,32,32
53792,480,32,32
53824,480,32,32
53856,480,32,32
53888,480,32,32
53920,480,32,32
53952,480,32,32
53984,480,32,32
54016,480,32,32
54048,480,32,32
54080,480,32,32
54112,480,32,32
54144,480,32,32
54176,480,32,32
54208,480,32,32
54240,480,32,32
54272,480,32,32
54304,480,32,32
54336,480,32,32
54368,480,32,32
54400,480,32,32
54432,480,32,32
54464,480,32,32
54496,480,32,32
54528,480,32,32
54560,480,32,32
54592,480,32,32
54624,480,32,32
54656,480,32,32
54688,480,32,32
54720,480,32,32
54752,480,32,32
54784,480,32,32
54816,480,32,32
54848,480,32,32
54880,480,32,32
54912,480,32,32
54944,480,32,32
54976,480,32,32
55008,480,32,32
55040,480,32,32
55072,480,32,32
55104,480,32,32
55136,480,32,32
55168,480,32,32
55200,480,32,32
55232,480,32,32
55264,480,32,32
55296,480,32,32
55328,480,32,32
55360,480,32,32
55392,480,32,32
55424,480,32,32
55456,480,32,32
55488,480,32,32
55520,480,32,32
55552,480,32,32
55584,480,32,32
55616,480,32,32
55648,480,32,32
55680,480,32,32
55712,480,32,32
55744,480,32,32
55776,480,32,32
55808,480,32,32
55840,480,32,32
55872,480,32,32
55904,480,32,32
55936,480,32,32
55968,480,32,32
56000,480,32,32
56032,480,32,32
56064,480,32,32
56096,480,32,32
56128,480,32,32
56160,480,32,32
56192,480,32,32
56224,480,32,32
56256,480,32,32
56288,480,32,32
56320,480,32,32
56352,480,32,32
56384,480,32,32
56416,480,32,32
56448,480,32,32
56480,480,32,32
56512,480,32,32
56544,480,32,32
56576,480,32,32
56608,480,32,32
56640,480,32,32
56672,480,32,32
56704,480,32,32
56736,480,32,32
56768,480,32,32
56800,480,32,32
56832,480,32,32
56864,480,32,32
56896,480,32,32
56928,480,32,32
56960,480,32,32
56992,480,32,32
57024,480,32,32
57056,480,32,32
57088,480,32,32
57120,480,32,32
57152,480,32,32
57184,480,32,32
57216,480,32,32
57248,480,32,32
57280,480,32,32
57312,480,32,32
57344,480,32,32
57376,480,32,32
57408,480,32,32
57440,480,32,32
57472,480,32,32
57504,480,32,32
57536,480,32,32
57568,480,32,32
57600,480,32,32
57632,480,32,32
57664,480,32,32
57696,480,32,32
57728,480,32,32
57760,480,32,32
57792,480,32,32
57824,480,32,32
57856,480,32,32
57888,480,32,32
57920,480,32,32
57952,480,32,32
57984,480,32,32
58016,480,32,32
58048,480,32,32
58080,480,32,32
58112,480,32,32
58144,480,32,32
58176,480,32,32
58208,480,32,32
58240,480,32,32
58272,480,32,32
58304,480,32,32
58336,480,32,32
58368,480,32,32
58400,480,32,32
58432,480,32,32
58464,480,32,32
58496,480,32,32
58528,480,32,32
58560,480,32,32
58592,480,32,32
58624,480,32,32
58656,480,32,32
58688,480,32,32
58720,480,32,32
58752,480,32,32
58784,480,32,32
58816,480,32,32
58848,480,32,32
58880,480,32,32
58912,480,32,32
58944,480,32,32
58976,480,32,32
59008,480,32,32
59040,480,32,32
59072,480,32,32
59104,480,32,32
59136,480,32,32
59168,480,32,32
59200,480,32,32
59232,480,32,32
59264,480,32,32
59296,480,32,32
59328,480,32,32
59360,480,32,32
59392,480,32,32
59424,480,32,32
59456,480,32,32
59488,480,32,32
59520,480,32,32
59552,480,32,32
59584,480,32,32
59616,480,32,32
59648,480,32,32
59680,480,32,32
59712,480,32,32
59744,480,32,32
59776,480,32,32
59808,480,32,32
59840,480,32,32
59872,480,32,32
59904,480,32,32
59936,480,32,32
59968,480,32,32
60000,480,32,32
60032,480,32,32
60064,480,32,32
60096,480,32,32
60128,480,32,32
60160,480,32,32
60192,480,32,32
60224,480,32,32
60256,480,32,32
60288,480,32,32
60320,480,32,32
60352,480,32,32
60384,480,32,32
60416,480,32,32
60448,480,32,32
60480,480,32,32
60512,480,32,32
60544,480,32,32
60576,480,32,32
60608,480,32,32
60640,480,32,32
60672,480,32,32
60704,480,32,32
60736,480,32,32
60768,480,32,32
60800,480,32,32
60832,480,32,32
60864,480,32,32
60896,480,32,32
60928,480,32,32
60960,480,32,32
60992,480,32,32
61024,480,32,32
61056,480,32,32
61088,480,32,32
61120,480,32,32
61152,480,32,32
61184,480,32,32
61216,480,32,32
61248,480,32,32
61280,480,32,32
61312,480,32,32
61344,480,32,32
61376,480,32,32
61408,480,32,32
61440,480,32,32
61472,480,32,32
61504,480,32,32
61536,480,32,32
61568,480,32,32
61600,480,32,32
61632,480,32,32
61664,480,32,32
61696,480,32,32
61728,480,32,32
61760,480,32,32
61792,480,32,32
61824,480,32,32
61856,480,32,32
61888,480,32,32
61920,480,32,32
61952,480,32,32
61984,480,32,32
62016,480,32,32
62048,480,32,32
62080,480,32,32
62112,480,32,32
62144,480,32,32
62176,480,32,32
62208,480,32,32
62240,480,32,32
62272,480,32,32
62304,480,32,32
62336,480,32,32
62368,480,32,32
62400,480,32,32
62432,480,32,32
62464,480,32,32
62496,480,32,32
62528,480,32,32
62560,480,32,32
62592,480,32,32
62624,480,32,32
62656,480,32,32
62688,480,32,32
62720,480,32,32
62752,480,32,32
62784,480,32,32
62816,480,32,32
62848,480,32,32
62880,480,32,32
62912,480,32,32
62944,480,32,32
62976,480,32,32
63008,480,32,32
63040,480,32,32
63072,480,32,32
63104,480,32,32
63136,480,32,32
63168,480,32,32
63200,480,32,32
63232,480,32,32
63264,480,32,32
63296,480,32,32
63328,480,32,32
63360,480,32,32
63392,480,32,32
63424,480,32,32
63456,480,32,32
63488,480,32,32
63520,480,32,32
63552,480,32,32
63584,480,32,32
63616,480,32,32
63648,480,32,32
63680,480,32,32
63712,480,32,32
63744,480,32,32
63776,480,32,32
63808,480,32,32
63840,480,32,32
63872,480,32,32
63904,480,32,32
63936,480,32,32
63968,480,32,32
64000,480,32,32
64032,480,32,32
64064,480,32,32
64096,480,32,32
64128,480,32,32
64160,480,32,32
64192,480,32,32
64224,480,32,32
64256,480,32,32
64288,480,32,32
64320,480,32,32
64352,480,32,32
64384,480,32,32
64416,480,32,32
64448,480,32,32
64480,480,32,32
64512,480,32,32
64544,480,32,32
64576,480,32,32
64608,480,32,32
64640,480,32,32
64672,480,32,32
64704,480,32,32
64736,480,32,32
64768,480,32,32
64800,480,32,32
64832,480,32,32
64864,480,32,32
64896,480,32,32
64928,480,32,32
64960,480,32,32
64992,480,32,32
65024,480,32,32
65056,480,32,32
65088,480,32,32
65120,480,32,32
65152,480,32,32
65184,480,32,32
65216,480,32,32
65248,480,32,32
65280,480,32,32
65312,480,32,32
65344,480,32,32
65376,480,32,32
65408,480,32,32
65440,480,32,32
65472,480,32,32
65504,480,32,32
65536,480,32,32
65568,480,32,32
65600,480,32,32
65632,480,32,32
65664,480,32,32
65696,480,32,32
65728,480,32,32
65760,480,32,32
65792,480,32,32
65824,480,32,32
65856,480,32,32
65888,480,32,32
65920,480,32,32
65952,480,32,32
65984,480,32,32
66016,480,32,32
66048,480,32,32
66080,480,32,32
66112,480,32,32
66144,480,32,32
66176,480,32,32
66208,480,32,32
66240,480,32,32
66272,480,32,32
66304,480,32,32
66336,480,32,32
66368,480,32,32
66400,480,32,32
66432,480,32,32
66464,480,32,32
66496,480,32,32
66528,480,32,32
66560,480,32,32
66592,480,32,32
66624,480,32,32
66656,480,32,32
66688,480,32,32
66720,480,32,32
66752,480,32,32
66784,480,32,32
66816,480,32,32
66848,480,32,32
66880,480,32,32
66912,480,32,32
66944,480,32,32
66976,480,32,32
67008,480,32,32
67040,480,32,32
67072,480,32,32
67104,480,32,32
67136,480,32,32
67168,480,32,32
67200,480,32,32
67232,480,32,32
67264,480,32,32
67296,480,32,32
67328,480,32,32
67360,480,32,32
67392,480,32,32
67424,480,32,32
67456,480,32,32
67488,480,32,32
67520,480,32,32
67552,480,32,32
67584,480,32,32
67616,480,32,32
67648,480,32,32
67680,480,32,32
67712,480,32,32
67744,480,32,32
67776,480,32,32
67808,480,32,32
67840,480,32,32
67872,480,32,32
67904,480,32,32
67936,480,32,32
67968,480,32,32
68000,480,32,32
68032,480,32,32
68064,480,32,32
68096,480,32,32
68128,480,32,32
68160,480,32,32
68192,480,32,32
68224,480,32,32
68256,480,32,32
68288,480,32,32
68320,480,32,32
68352,480,32,32
68384,480,32,32
68416,480,32,32
68448,480,32,32
68480,480,32,32
68512,480,32,32
68544,480,32,32
68576,480,32,32
68608,480,32,32
68640,480,32,32
68672,480,32,32
68704,480,32,32
68736,480,32,32
68768,480,32,32
68800,480,32,32
68832,480,32,32
68864,480,32,32
68896,480,32,32
68928,480,32,32
68960,480,32,32
68992,480,32,32
69024,480,32,32
69056,480,32,32
69088,480,32,32
69120,480,32,32
69152,480,32,32
69184,480,32,32
69216,480,32,32
69248,480,32,32
69280,480,32,32
69312,480,32,32
69344,480,32,32
69376,480,32,32
69408,480,32,32
69440,480,32,32
69472,480,32,32
69504,480,32,32
69536,480,32,32
69568,480,32,32
69600,480,32,32
69632,480,32,32
69664,480,32,32
69696,480,32,32
69728,480,32,32
69760,480,32,32
69792,480,32,32
69824,480,32,32
69856,480,32,32
69888,480,32,32
69920,480,32,32
69952,480,32,32
69984,480,32,32
70016,480,32,32
70048,480,32,32
70080,480,32,32
70112,480,32,32
70144,480,32,32
70176,480,32,32
70208,480,32,32
70240,480,32,32
70272,480,32,32
70304,480,32,32
70336,480,32,32
70368,480,32,32
70400,480,32,32
70432,480,32,32
70464,480,32,32
70496,480,32,32
70528,480,32,32
70560,480,32,32
70592,480,32,32
70624,480,32,32
70656,480,32,32
70688,480,32,32
70720,480,32,32
70752,480,32,32
70784,480,32,32
70816,480,32,32
70848,480,32,32
70880,480,32,32
70912,480,32,32
70944,480,32,32
70976,480,32,32
71008,480,32,32
71040,480,32,32
71072,480,32,32
71104,480,32,32
71136,480,32,32
71168,480,32,32
71200,480,32,32
71232,480,32,32
71264,480,32,32
71296,480,32,32
71328,480,32,32
71360,480,32,32
71392,480,32,32
71424,480,32,32
71456,480,32,32
71488,480,32,32
71520,480,32,32
71552,480,32,32
71584,480,32,32
71616,480,32,32
71648,480,32,32
71680,480,32,32
71712,480,32,32
71744,480,32,32
71776,480,32,32
71808,480,32,32
71840,480,32,32
71872,480,32,32
71904,480,32,32
71936,480,32,32
71968,480,32,32
72000,480,32,32
72032,480,32,32
72064,480,32,32
72096,480,32,32
72128,480,32,32
72160,480,32,32
72192,480,32,32
72224,480,32,32
72256,480,32,32
72288,480,32,32
72320,480,32,32
72352,480,32,32
72384,480,32,32
72416,480,32,32
72448,480,32,32
72480,480,32,32
72512,480,32,32
72544,480,32,32
72576,480,32,32
72608,480,32,32
72640,480,32,32
72672,480,32,32
72704,480,32,32
72736,480,32,32
72768,480,32,32
72800,480,32,32
72832,480,32,32
72864,480,32,32
72896,480,32,32
72928,480,32,32
72960,480,32,32
72992,480,32,32
73024,480,32,32
73056,480,32,32
73088,480,32,32
73120,480,32,32
73152,480,32,32
73184,480,32,32
73216,480,32,32
73248,480,32,32
73280,480,32,32
73312,480,32,32
73344,480,32,32
73376,480,32,32
73408,480,32,32
73440,480,32,32
73472,480,32,32
73504,480,32,32
73536,480,32,32
73568,480,32,32
73600,480,32,32
73632,480,32,32
73664,480,32,32
73696,480,32,32
73728,480,32,32
73760,480,32,32
73792,480,32,32
73824,480,32,32
73856,480,32,32
73888,480,32,32
73920,480,32,32
73952,480,32,32
73984,480,32,32
74016,480,32,32
74048,480,32,32
74080,480,32,32
74112,480,32,32
74144,480,32,32
74176,480,32,32
74208,480,32,32
74240,480,32,32
74272,480,32,32
74304,480,32,32
74336,480,32,32
74368,480,32,32
74400,480,32,32
74432,480,32,32
74464,480,32,32
74496,480,32,32
74528,480,32,32
74560,480,32,32
74592,480,32,32
74624,480,32,32
74656,480,32,32
74688,480,32,32
74720,480,32,32
74752,480,32,32
74784,480,32,32
74816,480,32,32
74848,480,32,32
74880,480,32,32
74912,480,32,32
74944,480,32,32
74976,480,32,32
75008,480,32,32
75040,480,32,32
75072,480,32,32
75104,480,32,32
75136,480,32,32
75168,480,32,32
75200,480,32,32
75232,480,32,32
75264,480,32,32
75296,480,32,32
75328,480,32,32
75360,480,32,32
75392,480,32,32
75424,480,32,32
75456,480,32,32
75488,480,32,32
75520,480,32,32
75552,480,32,32
75584,480,32,32
75616,480,32,32
75648,480,32,32
75680,480,32,32
75712,480,32,32
75744,480,32,32
75776,480,32,32
75808,480,32,32
75840,480,32,32
75872,480,32,32
75904,480,32,32
75936,480,32,32
75968,480,32,32
76000,480,32,32
76032,480,32,32
76064,480,32,32
76096,480,32,32
76128,480,32,32
76160,480,32,32
76192,480,32,32
76224,480,32,32
76256,480,32,32
76288,480,32,32
76320,480,32,32
76352,480,32,32
76384,480,32,32
76416,480,32,32
76448,480,32,32
76480,480,32,32
76512,480,32,32
76544,480,32,32
76576,480,32,32
76608,480,32,32
76640,480,32,32
76672,480,32,32
76704,480,32,32
76736,480,32,32
76768,480,32,32
76800,480,32,32
76832,480,32,32
76864,480,32,32
76896,480,32,32
76928,480,32,32
76960,480,32,32
76992,480,32,32
77024,480,32,32
77056,480,32,32
77088,480,32,32
77120,480,32,32
77152,480,32,32
77184,480,32,32
77216,480,32,32
77248,480,32,32
77280,480,32,32
77312,480,32,32
77344,480,32,32
77376,480,32,32
77408,480,32,32
77440,480,32,32
77472,480,32,32
77504,480,32,32
77536,480,32,32
77568,480,32,32
77600,480,32,32
77632,480,32,32
77664,480,32,32
77696,480,32,32
77728,480,32,32
77760,480,32,32
77792,480,32,32
77824,480,32,32
77856,480,32,32
77888,480,32,32
77920,480,32,32
77952,480,32,32
77984,480,32,32
78016,480,32,32
78048,480,32,32
78080,480,32,32
78112,480,32,32
78144,480,32,32
78176,480,32,32
78208,480,32,32
78240,480,32,32
78272,480,32,32
78304,480,32,32
78336,480,32,32
78368,480,32,32
78400,480,32,32
78432,480,32,32
78464,480,32,32
78496,480,32,32
78528,480,32,32
78560,480,32,32
78592,480,32,32
78624,480,32,32
78656,480,32,32
78688,480,32,32
78720,480,32,32
78752,480,32,32
78784,480,32,32
78816,480,32,32
78848,480,32,32
78880,480,32,32
78912,480,32,32
78944,480,32,32
78976,480,32,32
79008,480,32,32
79040,480,32,32
79072,480,32,32
79104,480,32,32
79136,480,32,32
79168,480,32,32
79200,480,32,32
79232,480,32,32
79264,480,32,32
79296,480,32,32
79328,480,32,32
79360,480,32,32
79392,480,32,32
79424,480,32,32
79456,480,32,32
79488,480,32,32
79520,480,32,32
79552,480,32,32
79584,480,32,32
79616,480,32,32
79648,480,32,32
79680,480,32,32
79712,480,32,32
79744,480,32,32
79776,480,32,32
79808,480,32,32
79840,480,32,32
79872,480,32,32
79904,480,32,32
79936,480,32,32
79968,480,32,32
80000,480,32,32
80032,480,32,32
80064,480,32,32
80096,480,32,32
80128,480,32,32
80160,480,32,32
80192,480,32,32
80224,480,32,32
80256,480,32,32
80288,480,32,32
80320,480,32,32
80352,480,32,32
80384,480,32,32
80416,480,32,32
80448,480,32,32
80480,480,32,32
80512,480,32,32
80544,480,32,32
80576,480,32,32
80608,480,32,32
80640,480,32,32
80672,480,32,32
80704,480,32,32
80736,480,32,32
80768,480,32,32
80800,480,32,32
80832,480,32,32
80864,480,32,32
80896,480,32,32
80928,480,32,32
80960,480,32,32
80992,480,32,32
81024,480,32,32
81056,480,32,32
81088,480,32,32
81120,480,32,32
81152,480,32,32
81184,480,32,32
81216,480,32,32
81248,480,32,32
81280,480,32,32
81312,480,32,32
81344,480,32,32
81376,480,32,32
81408,480,32,32
81440,480,32,32
81472,480,32,32
81504,480,32,32
81536,480,32,32
81568,480,32,32
81600,480,32,32
81632,480,32,32
81664,480,32,32
81696,480,32,32
81728,480,32,32
81760,480,32,32
81792,480,32,32
81824,480,32,32
81856,480,32,32
81888,480,32,32
81920,480,32,32
81952,480,32,32
81984,480,32,32
82016,480,32,32
82048,480,32,32
82080,480,32,32
82112,480,32,32
82144,480,32,32
82176,480,32,32
82208,480,32,32
82240,480,32,32
82272,480,32,32
82304,480,32,32
82336,480,32,32
82368,480,32,32
82400,480,32,32
82432,480,32,32
82464,480,32,32
82496,480,32,32
82528,480,32,32
82560,480,32,32
82592,480,32,32
82624,480,32,32
82656,480,32,32
82688,480,32,32
82720,480,32,32
82752,480,32,32
82784,480,32,32
82816,480,32,32
82848,480,32,32
82880,480,32,32
82912,480,32,32
82944,480,32,32
82976,480,32,32
83008,480,32,32
83040,480,32,32
83072,480,32,32
83104,480,32,32
83136,480,32,32
83168,480,32,32
83200,480,32,32
83232,480,32,32
83264,480,32,32
83296,480,32,32
83328,480,32,32
83360,480,32,32
83392,480,32,32
83424,480,32,32
83456,480,32,32
83488,480,32,32
83520,480,32,32
83552,480,32,32
83584,480,32,32
83616,480,32,32
83648,480,32,32
83680,480,32,32
83712,480,32,32
83744,480,32,32
83776,480,32,32
83808,480,32,32
83840,480,32,32
83872,480,32,32
83904,480,32,32
83936,480,32,32
83968,480,32,32
84000,480,32,32
84032,480,32,32
84064,480,32,32
84096,480,32,32
84128,480,32,32
84160,480,32,32
84192,480,32,32
84224,480,32,32
84256,480,32,32
84288,480,32,32
84320,480,32,32
84352,480,32,32
84384,480,32,32
84416,480,32,32
84448,480,32,32
84480,480,32,32
84512,480,32,32
84544,480,32,32
84576,480,32,32
84608,480,32,32
84640,480,32,32
84672,480,32,32
84704,480,32,32
84736,480,32,32
84768,480,32,32
84800,480,32,32
84832,480,32,32
84864,480,32,32
84896,480,32,32
84928,480,32,32
84960,480,32,32
84992,480,32,32
85024,480,32,32
85056,480,32,32
85088,480,32,32
85120,480,32,32
85152,480,32,32
85184,480,32,32
85216,480,32,32
85248,480,32,32
85280,480,32,32
85312,480,32,32
85344,480,32,32
85376,480,32,32
85408,480,32,32
85440,480,32,32
85472,480,32,32
85504,480,32,32
85536,480,32,32
85568,480,32,32
85600,480,32,32
85632,480,32,32
85664,480,32,32
85696,480,32,32
85728,480,32,32
85760,480,32,32
85792,480,32,32
85824,480,32,32
85856,480,32,32
85888,480,32,32
85920,480,32,32
85952,480,32,32
85984,480,32,32
86016,480,32,32
86048,480,32,32
86080,480,32,32
86112,480,32,32
86144,480,32,32
86176,480,32,32
86208,480,32,32
86240,480,32,32
86272,480,32,32
86304,480,32,32
86336,480,32,32
86368,480,32,32
86400,480,32,32
86432,480,32,32
86464,480,32,32
86496,480,32,32
86528,480,32,32
86560,480,32,32
86592,480,32,32
86624,480,32,32
86656,480,32,32
86688,480,32,32
86720,480,32,32
86752,480,32,32
86784,480,32,32
86816,480,32,32
86848,480,32,32
86880,480,32,32
86912,480,32,32
86944,480,32,32
86976,480,32,32
87008,480,32,32
87040,480,32,32
87072,480,32,32
87104,480,32,32
87136,480,32,32
87168,480,32,32
87200,480,32,32
87232,480,32,32
87264,480,32,32
87296,480,32,32
87328,480,32,32
87360,480,32,32
87392,480,32,32
87424,480,32,32
87456,480,32,32
87488,480,32,32
87520,480,32,32
87552,480,32,32
87584,480,32,32
87616,480,32,32
87648,480,32,32
87680,480,32,32
87712,480,32,32
87744,480,32,32
87776,480,32,32
87808,480,32,32
87840,480,32,32
87872,480,32,32
87904,480,32,32
87936,480,32,32
87968,480,32,32
88000,480,32,32
88032,480,32,32
88064,480,32,32
88096,480,32,32
88128,480,32,32
88160,480,32,32
88192,480,32,32
88224,480,32,32
88256,480,32,32
88288,480,32,32
88320,480,32,32
88352,480,32,32
88384,480,32,32
88416,480,32,32
88448,480,32,32
88480,480,32,32
88512,480,32,32
88544,480,32,32
88576,480,32,32
88608,480,32,32
88640,480,32,32
88672,480,32,32
88704,480,32,32
88736,480,32,32
88768,480,32,32
88800,480,32,32
88832,480,32,32
88864,480,32,32
88896,480,32,32
88928,480,32,32
88960,480,32,32
88992,480,32,32
89024,480,32,32
89056,480,32,32
89088,480,32,32
89120,480,32,32
89152,480,32,32
89184,480,32,32
89216,480,32,32
89248,480,32,32
89280,480,32,32
89312,480,32,32
89344,480,32,32
89376,480,32,32
89408,480,32,32
89440,480,32,32
89472,480,32,32
89504,480,32,32
89536,480,32,32
89568,480,32,32
89600,480,32,32
89632,480,32,32
89664,480,32,32
89696,480,32,32
89728,480,32,32
89760,480,32,32
89792,480,32,32
89824,480,32,32
89856,480,32,32
89888,480,32,32
89920,480,32,32
89952,480,32,32
89984,480,32,32
90016,480,32,32
90048,480,32,32
90080,480,32,32
90112,480,32,32
90144,480,32,32
90176,480,32,32
90208,480,32,32
90240,480,32,32
90272,480,32,32
90304,480,32,32
90336,480,32,32
90368,480,32,32
90400,480,32,32
90432,480,32,32
90464,480,32,32
90496,480,32,32
90528,480,32,32
90560,480,32,32
90592,480,32,32
90624,480,32,32
90656,480,32,32
90688,480,32,32
90720,480,32,32
90752,480,32,32
90784,480,32,32
90816,480,32,32
90848,480,32,32
90880,480,32,32
90912,480,32,32
90944,480,32,32
90976,480,32,32
91008,480,32,32
91040,480,32,32
91072,480,32,32
91104,480,32,32
91136,480,32,32
91168,480,32,32
91200,480,32,32
91232,480,32,32
91264,480,32,32
91296,480,32,32
91328,480,32,32
91360,480,32,32
91392,480,32,32
91424,480,32,32
91456,480,32,32
91488,480,32,32
91520,480,32,32
91552,480,32,32
91584,480,32,32
91616,480,32,32
91648,480,32,32
91680,480,32,32
91712,480,32,32
91744,480,32,32
91776,480,32,32
91808,480,32,32
91840,480,32,32
91872,480,32,32
91904,480,32,32
91936,480,32,32
91968,480,32,32
92000,480,32,32
92032,480,32,32
92064,480,32,32
92096,480,32,32
92128,480,32,32
92160,480,32,32
92192,480,32,32
92224,480,32,32
92256,480,32,32
92288,480,32,32
92320,480,32,32
92352,480,32,32
92384,480,32,32
92416,480,32,32
92448,480,32,32
92480,480,32,32
92512,480,32,32
92544,480,32,32
92576,480,32,32
92608,480,32,32
92640,480,32,32
92672,480,32,32
92704,480,32,32
92736,480,32,32
92768,480,32,32
92800,480,32,32
92832,480,32,32
92864,480,32,32
92896,480,32,32
92928,480,32,32
92960,480,32,32
92992,480,32,32
93024,480,32,32
93056,480,32,32
93088,480,32,32
93120,480,32,32
93152,480,32,32
93184,480,32,32
93216,480,32,32
93248,480,32,32
93280,480,32,32
93312,480,32,32
93344,480,32,32
93376,480,32,32
93408,480,32,32
93440,480,32,32
93472,480,32,32
93504,480,32,32
93536,480,32,32
93568,480,32,32
93600,480,32,32
93632,480,32,32
93664,480,32,32
93696,480,32,32
93728,480,32,32
93760,480,32,32
93792,480,32,32
93824,480,32,32
93856,480,32,32
93888,480,32,32
93920,480,32,32
93952,480,32,32
93984,480,32,32
94016,480,32,32
94048,480,32,32
94080,480,32,32
94112,480,32,32
94144,480,32,32
94176,480,32,32
94208,480,32,32
94240,480,32,32
94272,480,32,32
94304,480,32,32
94336,480,32,32
94368,480,32,32
94400,480,32,32
94432,480,32,32
94464,480,32,32
94496,480,32,32
94528,480,32,32
94560,480,32,32
94592,480,32,32
94624,480,32,32
94656,480,32,32
94688,480,32,32
94720,480,32,32
94752,480,32,32
94784,480,32,32
94816,480,32,32
94848,480,32,32
94880,480,32,32
94912,480,32,32
94944,480,32,32
94976,480,32,32
95008,480,32,32
95040,480,32,32
95072,480,32,32
95104,480,32,32
95136,480,32,32
95168,480,32,32
95200,480,32,32
95232,480,32,32
95264,480,32,32
95296,480,32,32
95328,480,32,32
95360,480,32,32
95392,480,32,32
95424,480,32,32
95456,480,32,32
95488,480,32,32
95520,480,32,32
95552,480,32,32
95584,480,32,32
95616,480,32,32
95648,480,32,32
95680,480,32,32
95712,480,32,32
95744,480,32,32
95776,480,32,32
95808,480,32,32
95840,480,32,32
95872,480,32,32
95904,480,32,32
95936,480,32,32
95968,480,32,32
96000,480,32,32
96032,480,32,32
96064,480,32,32
96096,480,32,32
96128,480,32,32
96160,480,32,32
96192,480,32,32
96224,480,32,32
96256,480,32,32
96288,480,32,32
96320,480,32,32
96352,480,32,32
96384,480,32,32
96416,480,32,32
96448,480,32,32
96480,480,32,32
96512,480,32,32
96544,480,32,32
96576,480,32,32
96608,480,32,32
96640,480,32,32
96672,480,32,32
96704,480,32,32
96736,480,32,32
96768,480,32,32
96800,480,32,32
96832,480,32,32
96864,480,32,32
96896,480,32,32
96928,480,32,32
96960,480,32,32
96992,480,32,32
97024,480,32,32
97056,480,32,32
97088,480,32,32
97120,480,32,32
97152,480,32,32
97184,480,32,32
97216,480,32,32
97248,480,32,32
97280,480,32,32
97312,480,32,32
97344,480,32,32
97376,480,32,32
97408,480,32,32
97440,480,32,32
97472,480,32,32
97504,480,32,32
97536,480,32,32
97568,480,32,32
97600,480,32,32
97632,480,32,32
97664,480,32,32
97696,480,32,32
97728,480,32,32
97760,480,32,32
97792,480,32,32
97824,480,32,32
97856,480,32,32
97888,480,32,32
97920,480,32,32
97952,480,32,32
97984,480,32,32
98016,480,32,32
98048,480,32,32
98080,480,32,32
98112,480,32,32
98144,480,32,32
98176,480,32,32
98208,480,32,32
98240,480,32,32
98272,480,32,32
98304,480,32,32
98336,480,32,32
98368,480,32,32
98400,480,32,32
98432,480,32,32
98464,480,32,32
98496,480,32,32
98528,480,32,32
98560,480,32,32
98592,480,32,32
98624,480,32,32
98656,480,32,32
98688,480,32,32
98720,480,32,32
98752,480,32,32
98784,480,32,32
98816,480,32,32
98848,480,32,32
98880,480,32,32
98912,480,32,32
98944,480,32,32
98976,480,32,32
99008,480,32,32
99040,480,32,32
99072,480,32,32
99104,480,32,32
99136,480,32,32
99168,480,32,32
99200,480,32,32
99232,480,32,32
99264,480,32,32
99296,480,32,32
99328,480,32,32
99360,480,32,32
99392,480,32,32
99424,480,32,32
99456,480,32,32
99488,480,32,32
99520,480,32,32
99552,480,32,32
99584,480,32,32
99616,480,32,32
99648,480,32,32
99680,480,32,32
99712,480,32,32
99744,480,32,32
99776,480,32,32
99808,480,32,32
99840,480,32,32
99872,480,32,32
99904,480,32,32
99936,480,32,32
99968,480,32,32
100000,480,32,32
100032,480,32,32
100064,480,32,32
100096,480,32,32
100128,480,32,32
100160,480,32,32
100192,480,32,32
100224,480,32,32
100256,480,32,32
100288,480,32,32
100320,480,32,32
100352,480,32,32
100384,480,32,32
100416,480,32,32
100448,480,32,32
100480,480,32,32
100512,480,32,32
100544,480,32,32
100576,480,32,32
100608,480,32,32
100640,480,32,32
100672,480,32,32
100704,480,32,32
100736,480,32,32
100768,480,32,32
100800,480,32,32
100832,480,32,32
100864,480,32,32
100896,480,32,32
100928,480,32,32
100960,480,32,32
100992,480,32,32
101024,480,32,32
101056,480,32,32
101088,480,32,32
101120,480,32,32
101152,480,32,32
101184,480,32,32
101216,480,32,32
101248,480,32,32
101280,480,32,32
101312,480,32,32
101344,480,32,32
101376,480,32,32
101408,480,32,32
101440,480,32,32
101472,480,32,32
101504,480,32,32
101536,480,32,32
101568,480,32,32
101600,480,32,32
101632,480,32,32
101664,480,32,32
101696,480,32,32
101728,480,32,32
101760,480,32,32
101792,480,32,32
101824,480,32,32
101856,480,32,32
101888,480,32,32
101920,480,32,32
101952,480,32,32
101984,480,32,32
102016,480,32,32
102048,480,32,32
102080,480,32,32
102112,480,32,32
102144,480,32,32
102176,480,32,32
102208,480,32,32
102240,480,32,32
102272,480,32,32
102304,480,32,32
102336,480,32,32
102368,480,32,32
102400,480,32,32
102432,480,32,32
102464,480,32,32
102496,480,32,32
102528,480,32,32
102560,480,32,32
102592,480,32,32
102624,480,32,32
102656,480,32,32
102688,480,32,32
102720,480,32,32
102752,480,32,32
102784,480,32,32
102816,480,32,32
102848,480,32,32
102880,480,32,32
102912,480,32,32
102944,480,32,32
102976,480,32,32
103008,480,32,32
103040,480,32,32
103072,480,32,32
103104,480,32,32
103136,480,32,32
103168,480,32,32
103200,480,32,32
103232,480,32,32
103264,480,32,32
103296,480,32,32
103328,480,32,32
103360,480,32,32
103392,480,32,32
103424,480,32,32
103456,480,32,32
103488,480,32,32
103520,480,32,32
103552,480,32,32
103584,480,32,32
103616,480,32,32
103648,480,32,32
103680,480,32,32
103712,480,32,32
103744,480,32,32
103776,480,32,32
103808,480,32,32
103840,480,32,32
103872,480,32,32
103904,480,32,32
103936,480,32,32
103968,480,32,32
104000,480,32,32
104032,480,32,32
104064,480,32,32
104096,480,32,32
104128,480,32,32
104160,480,32,32
104192,480,32,32
104224,480,32,32
104256,480,32,32
104288,480,32,32
104320,480,32,32
104352,480,32,32
104384,480,32,32
104416,480,32,32
104448,480,32,32
104480,480,32,32
104512,480,32,32
104544,480,32,32
104576,480,32,32
104608,480,32,32
104640,480,32,32
104672,480,32,32
104704,480,32,32
104736,480,32,32
104768,480,32,32
104800,480,32,32
104832,480,32,32
104864,480,32,32
104896,480,32,32
104928,480,32,32
104960,480,32,32
104992,480,32,32
105024,480,32,32
105056,480,32,32
105088,480,32,32
105120,480,32,32
105152,480,32,32
105184,480,32,32
105216,480,32,32
105248,480,32,32
105280,480,32,32
105312,480,32,32
105344,480,32,32
105376,480,32,32
105408,480,32,32
105440,480,32,32
105472,480,32,32
105504,480,32,32
105536,480,32,32
105568,480,32,32
105600,480,32,32
105632,480,32,32
105664,480,32,32
105696,480,32,32
105728,480,32,32
105760,480,32,32
105792,480,32,32
105824,480,32,32
105856,480,32,32
105888,480,32,32
105920,480,32,32
105952,480,32,32
105984,480,32,32
106016,480,32,32
106048,480,32,32
106080,480,32,32
106112,480,32,32
106144,480,32,32
106176,480,32,32
106208,480,32,32
106240,480,32,32
106272,480,32,32
106304,480,32,32
106336,480,32,32
106368,480,32,32
106400,480,32,32
106432,480,32,32
106464,480,32,32
106496,480,32,32
106528,480,32,32
106560,480,32,32
106592,480,32,32
106624,480,32,32
106656,480,32,32
106688,480,32,32
106720,480,32,32
106752,480,32,32
106784,480,32,32
106816,480,32,32
106848,480,32,32
106880,480,32,32
106912,480,32,32
106944,480,32,32
106976,480,32,32
107008,480,32,32
107040,480,32,32
107072,480,32,32
107104,480,32,32
107136,480,32,32
107168,480,32,32
107200,480,32,32
107232,480,32,32
107264,480,32,32
107296,480,32,32
107328,480,32,32
107360,480,32,32
107392,480,32,32
107424,480,32,32
107456,480,32,32
107488,480,32,32
107520,480,32,32
107552,480,32,32
107584,480,32,32
107616,480,32,32
107648,480,32,32
107680,480,32,32
107712,480,32,32
107744,480,32,32
107776,480,32,32
107808,480,32,32
107840,480,32,32
107872,480,32,32
107904,480,32,32
107936,480,32,32
107968,480,32,32
108000,480,32,32
108032,480,32,32
108064,480,32,32
108096,480,32,32
108128,480,32,32
108160,480,32,32
108192,480,32,32
108224,480,32,32
108256,480,32,32
108288,480,32,32
108320,480,32,32
108352,480,32,32
108384,480,32,32
108416,480,32,32
108448,480,32,32
108480,480,32,32
108512,480,32,32
108544,480,32,32
108576,480,32,32
108608,480,32,32
108640,480,32,32
108672,480,32,32
108704,480,32,32
108736,480,32,32
108768,480,32,32
108800,480,32,32
108832,480,32,32
108864,480,32,32
108896,480,32,32
108928,480,32,32
108960,480,32,32
108992,480,32,32
109024,480,32,32
109056,480,32,32
109088,480,32,32
109120,480,32,32
109152,480,32,32
109184,480,32,32
109216,480,32,32
109248,480,32,32
109280,480,32,32
109312,480,32,32
109344,480,32,32
109376,480,32,32
109408,480,32,32
109440,480,32,32
109472,480,32,32
109504,480,32,32
109536,480,32,32
109568,480,32,32
109600,480,32,32
109632,480,32,32
109664,480,32,32
109696,480,32,32
109728,480,32,32
109760,480,32,32
109792,480,32,32
109824,480,32,32
109856,480,32,32
109888,480,32,32
109920,480,32,32
109952,480,32,32
109984,480,32,32
110016,480,32,32
110048,480,32,32
110080,480,32,32
110112,480,32,32
110144,480,32,32
110176,480,32,32
110208,480,32,32
110240,480,32,32
110272,480,32,32
110304,480,32,32
110336,480,32,32
110368,480,32,32
110400,480,32,32
110432,480,32,32
110464,480,32,32
110496,480,32,32
110528,480,32,32
110560,480,32,32
110592,480,32,32
110624,480,32,32
110656,480,32,32
110688,480,32,32
110720,480,32,32
110752,480,32,32
110784,480,32,32
110816,480,32,32
110848,480,32,32
110880,480,32,32
110912,480,32,32
110944,480,32,32
110976,480,32,32
111008,480,32,32
111040,480,32,32
111072,480,32,32
111104,480,32,32
111136,480,32,32
111168,480,32,32
111200,480,32,32
111232,480,32,32
111264,480,32,32
111296,480,32,32
111328,480,32,32
111360,480,32,32
111392,480,32,32
111424,480,32,32
111456,480,32,32
111488,480,32,32
111520,480,32,32
111552,480,32,32
111584,480,32,32
111616,480,32,32
111648,480,32,32
111680,480,32,32
111712,480,32,32
111744,480,32,32
111776,480,32,32
111808,480,32,32
111840,480,32,32
111872,480,32,32
111904,480,32,32
111936,480,32,32
111968,480,32,32
112000,480,32,32
112032,480,32,32
112064,480,32,32
112096,480,32,32
112128,480,32,32
112160,480,32,32
112192,480,32,32
112224,480,32,32
112256,480,32,32
112288,480,32,32
112320,480,32,32
112352,480,32,32
112384,480,32,32
112416,480,32,32
112448,480,32,32
112480,480,32,32
112512,480,32,32
112544,480,32,32
112576,480,32,32
112608,480,32,32
112640,480,32,32
112672,480,32,32
112704,480,32,32
112736,480,32,32
112768,480,32,32
112800,480,32,32
112832,480,32,32
112864,480,32,32
112896,480,32,32
112928,480,32,32
112960,480,32,32
112992,480,32,32
113024,480,32,32
113056,480,32,32
113088,480,32,32
113120,480,32,32
113152,480,32,32
113184,480,32,32
113216,480,32,32
113248,480,32,32
113280,480,32,32
113312,480,32,32
113344,480,32,32
113376,480,32,32
113408,480,32,32
113440,480,32,32
113472,480,32,32
113504,480,32,32
113536,480,32,32
113568,480,32,32
113600,480,32,32
113632,480,32,32
113664,480,32,32
113696,480,32,32
113728,480,32,32
113760,480,32,32
113792,480,32,32
113824,480,32,32
113856,480,32,32
113888,480,32,32
113920,480,32,32
113952,480,32,32
113984,480,32,32
114016,480,32,32
114048,480,32,32
114080,480,32,32
114112,480,32,32
114144,480,32,32
114176,480,32,32
114208,480,32,32
114240,480,32,32
114272,480,32,32
114304,480,32,32
114336,480,32,32
114368,480,32,32
114400,480,32,32
114432,480,32,32
114464,480,32,32
114496,480,32,32
114528,480,32,32
114560,480,32,32
114592,480,32,32
114624,480,32,32
114656,480,32,32
114688,480,32,32
114720,480,32,32
114752,480,32,32
114784,480,32,32
114816,480,32,32
114848,480,32,32
114880,480,32,32
114912,480,32,32
114944,480,32,32
114976,480,32,32
115008,480,32,32
115040,480,32,32
115072,480,32,32
115104,480,32,32
115136,480,32,32
115168,480,32,32
115200,480,32,32
115232,480,32,32
115264,480,32,32
115296,480,32,32
115328,480,32,32
115360,480,32,32
115392,480,32,32
115424,480,32,32
115456,480,32,32
115488,480,32,32
115520,480,32,32
115552,480,32,32
115584,480,32,32
115616,480,32,32
115648,480,32,32
115680,480,32,32
115712,480,32,32
115744,480,32,32
115776,480,32,32
115808,480,32,32
115840,480,32,32
115872,480,32,32
115904,480,32,32
115936,480,32,32
115968,480,32,32
116000,480,32,32
116032,480,32,32
116064,480,32,32
116096,480,32,32
116128,480,32,32
116160,480,32,32
116192,480,32,32
116224,480,32,32
116256,480,32,32
116288,480,32,32
116320,480,32,32
116352,480,32,32
116384,480,32,32
116416,480,32,32
116448,480,32,32
116480,480,32,32
116512,480,32,32
116544,480,32,32
116576,480,32,32
116608,480,32,32
116640,480,32,32
116672,480,32,32
116704,480,32,32
116736,480,32,32
116768,480,32,32
116800,480,32,32
116832,480,32,32
116864,480,32,32
116896,480,32,32
116928,480,32,32
116960,480,32,32
116992,480,32,32
117024,480,32,32
117056,480,32,32
117088,480,32,32
117120,480,32,32
117152,480,32,32
117184,480,32,32
117216,480,32,32
117248,480,32,32
117280,480,32,32
117312,480,32,32
117344,480,32,32
117376,480,32,32
117408,480,32,32
117440,480,32,32
117472,480,32,32
117504,480,32,32
117536,480,32,32
117568,480,32,32
117600,480,32,32
117632,480,32,32
117664,480,32,32
117696,480,32,32
117728,480,32,32
117760,480,32,32
117792,480,32,32
117824,480,32,32
117856,480,32,32
117888,480,32,32
117920,480,32,32
117952,480,32,32
117984,480,32,32
118016,480,32,32
118048,480,32,32
118080,480,32,32
118112,480,32,32
118144,480,32,32
118176,480,32,32
118208,480,32,32
118240,480,32,32
118272,480,32,32
118304,480,32,32
118336,480,32,32
118368,480,32,32
118400,480,32,32
118432,480,32,32
118464,480,32,32
118496,480,32,32
118528,480,32,32
118560,480,32,32
118592,480,32,32
118624,480,32,32
118656,480,32,32
118688,480,32,32
118720,480,32,32
118752,480,32,32
118784,480,32,32
118816,480,32,32
118848,480,32,32
118880,480,32,32
118912,480,32,32
118944,480,32,32
118976,480,32,32
119008,480,32,32
119040,480,32,32
119072,480,32,32
119104,480,32,32
119136,480,32,32
119168,480,32,32
119200,480,32,32
119232,480,32,32
119264,480,32,32
119296,480,32,32
119328,480,32,32
119360,480,32,32
119392,480,32,32
119424,480,32,32
119456,480,32,32
119488,480,32,32
119520,480,32,32
119552,480,32,32
119584,480,32,32
119616,480,32,32
119648,480,32,32
119680,480,32,32
119712,480,32,32
119744,480,32,32
119776,480,32,32
119808,480,32,32
119840,480,32,32
119872,480,32,32
119904,480,32,32
119936,480,32,32
119968,480,32,32
120000,480,32,32
120032,480,32,32
120064,480,32,32
120096,480,32,32
120128,480,32,32
120160,480,32,32
120192,480,32,32
120224,480,32,32
120256,480,32,32
120288,480,32,32
120320,480,32,32
120352,480,32,32
120384,480,32,32
120416,480,32,32
120448,480,32,32
120480,480,32,32
120512,480,32,32
120544,480,32,32
120576,480,32,32
120608,480,32,32
120640,480,32,32
120672,480,32,32
120704,480,32,32
120736,480,32,32
120768,480,32,32
120800,480,32,32
120832,480,32,32
120864,480,32,32
120896,480,32,32
120928,480,32,32
120960,480,32,32
120992,480,32,32
121024,480,32,32
121056,480,32,32
121088,480,32,32
121120,480,32,32
121152,480,32,32
121184,480,32,32
121216,480,32,32
121248,480,32,32
121280,480,32,32
121312,480,32,32
121344,480,32,32
121376,480,32,32
121408,480,32,32
121440,480,32,32
121472,480,32,32
121504,480,32,32
121536,480,32,32
121568,480,32,32
121600,480,32,32
121632,480,32,32
121664,480,32,32
121696,480,32,32
121728,480,32,32
121760,480,32,32
121792,480,32,32
121824,480,32,32
121856,480,32,32
121888,480,32,32
121920,480,32,32
121952,480,32,32
121984,480,32,32
122016,480,32,32
122048,480,32,32
122080,480,32,32
122112,480,32,32
122144,480,32,32
122176,480,32,32
122208,480,32,32
122240,480,32,32
122272,480,32,32
122304,480,32,32
122336,480,32,32
122368,480,32,32
122400,480,32,32
122432,480,32,32
122464,480,32,32
122496,480,32,32
122528,480,32,32
122560,480,32,32
122592,480,32,32
122624,480,32,32
122656,480,32,32
122688,480,32,32
122720,480,32,32
122752,480,32,32
122784,480,32,32
122816,480,32,32
122848,480,32,32
122880,480,32,32
122912,480,32,32
122944,480,32,32
122976,480,32,32
123008,480,32,32
123040,480,32,32
123072,480,32,32
123104,480,32,32
123136,480,32,32
123168,480,32,32
123200,480,32,32
123232,480,32,32
123264,480,32,32
123296,480,32,32
123328,480,32,32
123360,480,32,32
123392,480,32,32
123424,480,32,32
123456,480,32,32
123488,480,32,32
123520,480,32,32
123552,480,32,32
123584,480,32,32
123616,480,32,32
123648,480,32,32
123680,480,32,32
123712,480,32,32
123744,480,32,32
123776,480,32,32
123808,480,32,32
123840,480,32,32
123872,480,32,32
123904,480,32,32
123936,480,32,32
123968,480,32,32
124000,480,32,32
124032,480,32,32
124064,480,32,32
124096,480,32,32
124128,480,32,32
124160,480,32,32
124192,480,32,32
124224,480,32,32
124256,480,32,32
124288,480,32,32
124320,480,32,32
124352,480,32,32
124384,480,32,32
124416,480,32,32
124448,480,32,32
124480,480,32,32
124512,480,32,32
124544,480,32,32
124576,480,32,32
124608,480,32,32
124640,480,32,32
124672,480,32,32
124704,480,32,32
124736,480,32,32
124768,480,32,32
124800,480,32,32
124832,480,32,32
124864,480,32,32
124896,480,32,32
124928,480,32,32
124960,480,32,32
124992,480,32,32
125024,480,32,32
125056,480,32,32
125088,480,32,32
125120,480,32,32
125152,480,32,32
125184,480,32,32
125216,480,32,32
125248,480,32,32
125280,480,32,32
125312,480,32,32
125344,480,32,32
125376,480,32,32
125408,480,32,32
125440,480,32,32
125472,480,32,32
125504,480,32,32
125536,480,32,32
125568,480,32,32
125600,480,32,32
125632,480,32,32
125664,480,32,32
125696,480,32,32
125728,480,32,32
125760,480,32,32
125792,480,32,32
125824,480,32,32
125856,480,32,32
125888,480,32,32
125920,480,32,32
125952,480,32,32
125984,480,32,32
126016,480,32,32
126048,480,32,32
126080,480,32,32
126112,480,32,32
126144,480,32,32
126176,480,32,32
126208,480,32,32
126240,480,32,32
126272,480,32,32
126304,480,32,32
126336,480,32,32
126368,480,32,32
126400,480,32,32
126432,480,32,32
126464,480,32,32
126496,480,32,32
126528,480,32,32
126560,480,32,32
126592,480,32,32
126624,480,32,32
126656,480,32,32
126688,480,32,32
126720,480,32,32
126752,480,32,32
126784,480,32,32
126816,480,32,32
126848,480,32,32
126880,480,32,32
126912,480,32,32
126944,480,32,32
126976,480,32,32
127008,480,32,32
127040,480,32,32
127072,480,32,32
127104,480,32,32
127136,480,32,32
127168,480,32,32
127200,480,32,32
127232,480,32,32
127264,480,32,32
127296,480,32,32
127328,480,32,32
127360,480,32,32
127392,480,32,32
127424,480,32,32
127456,480,32,32
127488,480,32,32
127520,480,32,32
127552,480,32,32
127584,480,32,32
127616,480,32,32
127648,480,32,32
127680,480,32,32
127712,480,32,32
127744,480,32,32
127776,480,32,32
127808,480,32,32
127840,480,32,32
127872,480,32,32
127904,480,32,32
127936,480,32,32
127968,480,32,32
128000,480,32,32
128032,480,32,32
128064,480,32,32
128096,480,32,32
128128,480,32,32
128160,480,32,32
128192,480,32,32
128224,480,32,32
128256,480,32,32
128288,480,32,32
128320,480,32,32
128352,480,32,32
128384,480,32,32
128416,480,32,32
128448,480,32,32
128480,480,32,32
128512,480,32,32
128544,480,32,32
128576,480,32,32
128608,480,32,32
128640,480,32,32
128672,480,32,32
128704,480,32,32
128736,480,32,32
128768,480,32,32
128800,480,32,32
128832,480,32,32
128864,480,32,32
128896,480,32,32
128928,480,32,32
128960,480,32,32
128992,480,32,32
129024,480,32,32
129056,480,32,32
129088,480,32,32
129120,480,32,32
129152,480,32,32
129184,480,32,32
129216,480,32,32
129248,480,32,32
129280,480,32,32
129312,480,32,32
129344,480,32,32
129376,480,32,32
129408,480,32,32
129440,480,32,32
129472,480,32,32
129504,480,32,32
129536,480,32,32
129568,480,32,32
129600,480,32,32
129632,480,32,32
129664,480,32,32
129696,480,32,32
129728,480,32,32
129760,480,32,32
129792,480,32,32
129824,480,32,32
129856,480,32,32
129888,480,32,32
129920,480,32,32
129952,480,32,32
129984,480,32,32
130016,480,32,32
130048,480,32,32
130080,480,32,32
130112,480,32,32
130144,480,32,32
130176,480,32,32
130208,480,32,32
130240,480,32,32
130272,480,32,32
130304,480,32,32
130336,480,32,32
130368,480,32,32
130400,480,32,32
130432,480,32,32
130464,480,32,32
130496,480,32,32
130528,480,32,32
130560,480,32,32
130592,480,32,32
130624,480,32,32
130656,480,32,32
130688,480,32,32
130720,480,32,32
130752,480,32,32
130784,480,32,32
130816,480,32,32
130848,480,32,32
130880,480,32,32
130912,480,32,32
130944,480,32,32
130976,480,32,32
131008,480,32,32
131040,480,32,32
131072,480,32,32
131104,480,32,32
131136,480,32,32
131168,480,32,32
131200,480,32,32
131232,480,32,32
131264,480,32,32
131296,480,32,32
131328,480,32,32
131360,480,32,32
131392,480,32,32
131424,480,32,32
131456,480,32,32
131488,480,32,32
131520,480,32,32
131552,480,32,32
131584,480,32,32
131616,480,32,32
131648,480,32,32
131680,480,32,32
131712,480,32,32
131744,480,32,32
131776,480,32,32
131808,480,32,32
131840,480,32,32
131872,480,32,32
131904,480,32,32
131936,480,32,32
131968,480,32,32
132000,480,32,32
132032,480,32,32
132064,480,32,32
132096,480,32,32
132128,480,32,32
132160,480,32,32
132192,480,32,32
132224,480,32,32
132256,480,32,32
132288,480,32,32
132320,480,32,32
132352,480,32,32
132384,480,32,32
132416,480,32,32
132448,480,32,32
132480,480,32,32
132512,480,32,32
132544,480,32,32
132576,480,32,32
132608,480,32,32
132640,480,32,32
132672,480,32,32
132704,480,32,32
132736,480,32,32
132768,480,32,32
132800,480,32,32
132832,480,32,32
132864,480,32,32
132896,480,32,32
132928,480,32,32
132960,480,32,32
132992,480,32,32
133024,480,32,32
133056,480,32,32
133088,480,32,32
133120,480,32,32
133152,480,32,32
133184,480,32,32
133216,480,32,32
133248,480,32,32
133280,480,32,32
133312,480,32,32
133344,480,32,32
133376,480,32,32
133408,480,32,32
133440,480,32,32
133472,480,32,32
133504,480,32,32
133536,480,32,32
133568,480,32,32
133600,480,32,32
133632,480,32,32
133664,480,32,32
133696,480,32,32
133728,480,32,32
133760,480,32,32
133792,480,32,32
133824,480,32,32
133856,480,32,32
133888,480,32,32
133920,480,32,32
133952,480,32,32
133984,480,32,32
134016,480,32,32
134048,480,32,32
134080,480,32,32
134112,480,32,32
134144,480,32,32
134176,480,32,32
134208,480,32,32
134240,480,32,32
134272,480,32,32
134304,480,32,32
134336,480,32,32
134368,480,32,32
134400,480,32,32
134432,480,32,32
134464,480,32,32
134496,480,32,32
134528,480,32,32
134560,480,32,32
134592,480,32,32
134624,480,32,32
134656,480,32,32
134688,480,32,32
134720,480,32,32
134752,480,32,32
134784,480,32,32
134816,480,32,32
134848,480,32,32
134880,480,32,32
134912,480,32,32
134944,480,32,32
134976,480,32,32
135008,480,32,32
135040,480,32,32
135072,480,32,32
135104,480,32,32
135136,480,32,32
135168,480,32,32
135200,480,32,32
135232,480,32,32
135264,480,32,32
135296,480,32,32
135328,480,32,32
135360,480,32,32
135392,480,32,32
135424,480,32,32
135456,480,32,32
135488,480,32,32
135520,480,32,32
135552,480,32,32
135584,480,32,32
135616,480,32,32
135648,480,32,32
135680,480,32,32
135712,480,32,32
135744,480,32,32
135776,480,32,32
135808,480,32,32
135840,480,32,32
135872,480,32,32
135904,480,32,32
135936,480,32,32
135968,480,32,32
136000,480,32,32
136032,480,32,32
136064,480,32,32
136096,480,32,32
136128,480,32,32
136160,480,32,32
136192,480,32,32
136224,480,32,32
136256,480,32,32
136288,480,32,32
136320,480,32,32
136352,480,32,32
136384,480,32,32
136416,480,32,32
136448,480,32,32
136480,480,32,32
136512,480,32,32
136544,480,32,32
136576,480,32,32
136608,480,32,32
136640,480,32,32
136672,480,32,32
136704,480,32,32
136736,480,32,32
136768,480,32,32
136800,480,32,32
136832,480,32,32
136864,480,32,32
136896,480,32,32
136928,480,32,32
136960,480,32,32
136992,480,32,32
137024,480,32,32
137056,480,32,32
137088,480,32,32
137120,480,32,32
137152,480,32,32
137184,480,32,32
137216,480,32,32
137248,480,32,32
137280,480,32,32
137312,480,32,32
137344,480,32,32
137376,480,32,32
137408,480,32,32
137440,480,32,32
137472,480,32,32
137504,480,32,32
137536,480,32,32
137568,480,32,32
137600,480,32,32
137632,480,32,32
137664,480,32,32
137696,480,32,32
137728,480,32,32
137760,480,32,32
137792,480,32,32
137824,480,32,32
137856,480,32,32
137888,480,32,32
137920,480,32,32
137952,480,32,32
137984,480,32,32
138016,480,32,32
138048,480,32,32
138080,480,32,32
138112,480,32,32
138144,480,32,32
138176,480,32,32
138208,480,32,32
138240,480,32,32
138272,480,32,32
138304,480,32,32
138336,480,32,32
138368,480,32,32
138400,480,32,32
138432,480,32,32
138464,480,32,32
138496,480,32,32
138528,480,32,32
138560,480,32,32
138592,480,32,32
138624,480,32,32
138656,480,32,32
138688,480,32,32
138720,480,32,32
138752,480,32,32
138784,480,32,32
138816,480,32,32
138848,480,32,32
138880,480,32,32
138912,480,32,32
138944,480,32,32
138976,480,32,32
139008,480,32,32
139040,480,32,32
139072,480,32,32
139104,480,32,32
139136,480,32,32
139168,480,32,32
139200,480,32,32
139232,480,32,32
139264,480,32,32
139296,480,32,32
139328,480,32,32
139360,480,32,32
139392,480,32,32
139424,480,32,32
139456,480,32,32
139488,480,32,32
139520,480,32,32
139552,480,32,32
139584,480,32,32
139616,480,32,32
139648,480,32,32
139680,480,32,32
139712,480,32,32
139744,480,32,32
139776,480,32,32
139808,480,32,32
139840,480,32,32
139872,480,32,32
139904,480,32,32
139936,480,32,32
139968,480,32,32
140000,480,32,32
140032,480,32,32
140064,480,32,32
140096,480,32,32
140128,480,32,32
140160,480,32,32
140192,480,32,32
140224,480,32,32
140256,480,32,32
140288,480,32,32
140320,480,32,32
140352,480,32,32
140384,480,32,32
140416,480,32,32
140448,480,32,32
140480,480,32,32
140512,480,32,32
140544,480,32,32
140576,480,32,32
140608,480,32,32
140640,480,32,32
140672,480,32,32
140704,480,32,32
140736,480,32,32
140768,480,32,32
140800,480,32,32
140832,480,32,32
140864,480,32,32
140896,480,32,32
140928,480,32,32
140960,480,32,32
140992,480,32,32
141024,480,32,32
141056,480,32,32
141088,480,32,32
141120,480,32,32
141152,480,32,32
141184,480,32,32
141216,480,32,32
141248,480,32,32
141280,480,32,32
141312,480,32,32
141344,480,32,32
141376,480,32,32
141408,480,32,32
141440,480,32,32
141472,480,32,32
141504,480,32,32
141536,480,32,32
141568,480,32,32
141600,480,32,32
141632,480,32,32
141664,480,32,32
141696,480,32,32
141728,480,32,32
141760,480,32,32
141792,480,32,32
141824,480,32,32
141856,480,32,32
141888,480,32,32
141920,480,32,32
141952,480,32,32
141984,480,32,32
142016,480,32,32
142048,480,32,32
142080,480,32,32
142112,480,32,32
142144,480,32,32
142176,480,32,32
142208,480,32,32
142240,480,32,32
142272,480,32,32
142304,480,32,32
142336,480,32,32
142368,480,32,32
142400,480,32,32
142432,480,32,32
142464,480,32,32
142496,480,32,32
142528,480,32,32
142560,480,32,32
142592,480,32,32
142624,480,32,32
142656,480,32,32
142688,480,32,32
142720,480,32,32
142752,480,32,32
142784,480,32,32
142816,480,32,32
142848,480,32,32
142880,480,32,32
142912,480,32,32
142944,480,32,32
142976,480,32,32
143008,480,32,32
143040,480,32,32
143072,480,32,32
143104,480,32,32
143136,480,32,32
143168,480,32,32
143200,480,32,32
143232,480,32,32
143264,480,32,32
143296,480,32,32
143328,480,32,32
143360,480,32,32
143392,480,32,32
143424,480,32,32
143456,480,32,32
143488,480,32,32
143520,480,32,32
143552,480,32,32
143584,480,32,32
143616,480,32,32
143648,480,32,32
143680,480,32,32
143712,480,32,32
143744,480,32,32
143776,480,32,32
143808,480,32,32
143840,480,32,32
143872,480,32,32
143904,480,32,32
143936,480,32,32
143968,480,32,32
144000,480,32,32
144032,480,32,32
144064,480,32,32
144096,480,32,32
144128,480,32,32
144160,480,32,32
144192,480,32,32
144224,480,32,32
144256,480,32,32
144288,480,32,32
144320,480,32,32
144352,480,32,32
144384,480,32,32
144416,480,32,32
144448,480,32,32
144480,480,32,32
144512,480,32,32
144544,480,32,32
144576,480,32,32
144608,480,32,32
144640,480,32,32
144672,480,32,32
144704,480,32,32
144736,480,32,32
144768,480,32,32
144800,480,32,32
144832,480,32,32
144864,480,32,32
144896,480,32,32
144928,480,32,32
144960,480,32,32
144992,480,32,32
145024,480,32,32
145056,480,32,32
145088,480,32,32
145120,480,32,32
145152,480,32,32
145184,480,32,32
145216,480,32,32
145248,480,32,32
145280,480,32,32
145312,480,32,32
145344,480,32,32
145376,480,32,32
145408,480,32,32
145440,480,32,32
145472,480,32,32
145504,480,32,32
145536,480,32,32
145568,480,32,32
145600,480,32,32
145632,480,32,32
145664,480,32,32
145696,480,32,32
145728,480,32,32
145760,480,32,32
145792,480,32,32
145824,480,32,32
145856,480,32,32
145888,480,32,32
145920,480,32,32
145952,480,32,32
145984,480,32,32
146016,480,32,32
146048,480,32,32
146080,480,32,32
146112,480,32,32
146144,480,32,32
146176,480,32,32
146208,480,32,32
146240,480,32,32
146272,480,32,32
146304,480,32,32
146336,480,32,32
146368,480,32,32
146400,480,32,32
146432,480,32,32
146464,480,32,32
146496,480,32,32
146528,480,32,32
146560,480,32,32
146592,480,32,32
146624,480,32,32
146656,480,32,32
146688,480,32,32
146720,480,32,32
146752,480,32,32
146784,480,32,32
146816,480,32,32
146848,480,32,32
146880,480,32,32
146912,480,32,32
146944,480,32,32
146976,480,32,32
147008,480,32,32
147040,480,32,32
147072,480,32,32
147104,480,32,32
147136,480,32,32
147168,480,32,32
147200,480,32,32
147232,480,32,32
147264,480,32,32
147296,480,32,32
147328,480,32,32
147360,480,32,32
147392,480,32,32
147424,480,32,32
147456,480,32,32
147488,480,32,32
147520,480,32,32
147552,480,32,32
147584,480,32,32
147616,480,32,32
147648,480,32,32
147680,480,32,32
147712,480,32,32
147744,480,32,32
147776,480,32,32
147808,480,32,32
147840,480,32,32
147872,480,32,32
147904,480,32,32
147936,480,32,32
147968,480,32,32
148000,480,32,32
148032,480,32,32
148064,480,32,32
148096,480,32,32
148128,480,32,32
148160,480,32,32
148192,480,32,32
148224,480,32,32
148256,480,32,32
148288,480,32,32
148320,480,32,32
148352,480,32,32
148384,480,32,32
148416,480,32,32
148448,480,32,32
148480,480,32,32
148512,480,32,32
148544,480,32,32
148576,480,32,32
148608,480,32,32
148640,480,32,32
148672,480,32,32
148704,480,32,32
148736,480,32,32
148768,480,32,32
148800,480,32,32
148832,480,32,32
148864,480,32,32
148896,480,32,32
148928,480,32,32
148960,480,32,32
148992,480,32,32
149024,480,32,32
149056,480,32,32
149088,480,32,32
149120,480,32,32
149152,480,32,32
149184,480,32,32
149216,480,32,32
149248,480,32,32
149280,480,32,32
149312,480,32,32
149344,480,32,32
149376,480,32,32
149408,480,32,32
149440,480,32,32
149472,480,32,32
149504,480,32,32
149536,480,32,32
149568,480,32,32
149600,480,32,32
149632,480,32,32
149664,480,32,32
149696,480,32,32
149728,480,32,32
149760,480,32,32
149792,480,32,32
149824,480,32,32
149856,480,32,32
149888,480,32,32
149920,480,32,32
149952,480,32,32
149984,480,32,32
150016,480,32,32
150048,480,32,32
150080,480,32,32
150112,480,32,32
150144,480,32,32
150176,480,32,32
150208,480,32,32
150240,480,32,32
150272,480,32,32
150304,480,32,32
150336,480,32,32
150368,480,32,32
150400,480,32,32
150432,480,32,32
150464,480,32,32
150496,480,32,32
150528,480,32,32
150560,480,32,32
150592,480,32,32
150624,480,32,32
150656,480,32,32
150688,480,32,32
150720,480,32,32
150752,480,32,32
150784,480,32,32
150816,480,32,32
150848,480,32,32
150880,480,32,32
150912,480,32,32
150944,480,32,32
150976,480,32,32
151008,480,32,32
151040,480,32,32
151072,480,32,32
151104,480,32,32
151136,480,32,32
151168,480,32,32
151200,480,32,32
151232,480,32,32
151264,480,32,32
151296,480,32,32
151328,480,32,32
151360,480,32,32
151392,480,32,32
151424,480,32,32
151456,480,32,32
151488,480,32,32
151520,480,32,32
151552,480,32,32
151584,480,32,32
151616,480,32,32
151648,480,32,32
151680,480,32,32
151712,480,32,32
151744,480,32,32
151776,480,32,32
151808,480,32,32
151840,480,32,32
151872,480,32,32
151904,480,32,32
151936,480,32,32
151968,480,32,32
152000,480,32,32
152032,480,32,32
152064,480,32,32
152096,480,32,32
152128,480,32,32
152160,480,32,32
152192,480,32,32
152224,480,32,32
152256,480,32,32
152288,480,32,32
152320,480,32,32
152352,480,32,32
152384,480,32,32
152416,480,32,32
152448,480,32,32
152480,480,32,32
152512,480,32,32
152544,480,32,32
152576,480,32,32
152608,480,32,32
152640,480,32,32
152672,480,32,32
152704,480,32,32
152736,480,32,32
152768,480,32,32
152800,480,32,32
152832,480,32,32
152864,480,32,32
152896,480,32,32
152928,480,32,32
152960,480,32,32
152992,480,32,32
153024,480,32,32
153056,480,32,32
153088,480,32,32
153120,480,32,32
153152,480,32,32
153184,480,32,32
153216,480,32,32
153248,480,32,32
153280,480,32,32
153312,480,32,32
153344,480,32,32
153376,480,32,32
153408,480,32,32
153440,480,32,32
153472,480,32,32
153504,480,32,32
153536,480,32,32
153568,480,32,32
153600,480,32,32
153632,480,32,32
153664,480,32,32
153696,480,32,32
153728,480,32,32
153760,480,32,32
153792,480,32,32
153824,480,32,32
153856,480,32,32
153888,480,32,32
153920,480,32,32
153952,480,32,32
153984,480,32,32
154016,480,32,32
154048,480,32,32
154080,480,32,32
154112,480,32,32
154144,480,32,32
154176,480,32,32
154208,480,32,32
154240,480,32,32
154272,480,32,32
154304,480,32,32
154336,480,32,32
154368,480,32,32
154400,480,32,32
154432,480,32,32
154464,480,32,32
154496,480,32,32
154528,480,32,32
154560,480,32,32
154592,480,32,32
154624,480,32,32
154656,480,32,32
154688,480,32,32
154720,480,32,32
154752,480,32,32
154784,480,32,32
154816,480,32,32
154848,480,32,32
154880,480,32,32
154912,480,32,32
154944,480,32,32
154976,480,32,32
155008,480,32,32
155040,480,32,32
155072,480,32,32
155104,480,32,32
155136,480,32,32
155168,480,32,32
155200,480,32,32
155232,480,32,32
155264,480,32,32
155296,480,32,32
155328,480,32,32
155360,480,32,32
155392,480,32,32
155424,480,32,32
155456,480,32,32
155488,480,32,32
155520,480,32,32
155552,480,32,32
155584,480,32,32
155616,480,32,32
155648,480,32,32
155680,480,32,32
155712,480,32,32
155744,480,32,32
155776,480,32,32
155808,480,32,32
155840,480,32,32
155872,480,32,32
155904,480,32,32
155936,480,32,32
155968,480,32,32
156000,480,32,32
156032,480,32,32
156064,480,32,32
156096,480,32,32
156128,480,32,32
156160,480,32,32
156192,480,32,32
156224,480,32,32
156256,480,32,32
156288,480,32,32
156320,480,32,32
156352,480,32,32
156384,480,32,32
156416,480,32,32
156448,480,32,32
156480,480,32,32
156512,480,32,32
156544,480,32,32
156576,480,32,32
156608,480,32,32
156640,480,32,32
156672,480,32,32
156704,480,32,32
156736,480,32,32
156768,480,32,32
156800,480,32,32
156832,480,32,32
156864,480,32,32
156896,480,32,32
156928,480,32,32
156960,480,32,32
156992,480,32,32
157024,480,32,32
157056,480,32,32
157088,480,32,32
157120,480,32,32
157152,480,32,32
157184,480,32,32
157216,480,32,32
157248,480,32,32
157280,480,32,32
157312,480,32,32
157344,480,32,32
157376,480,32,32
157408,480,32,32
157440,480,32,32
157472,480,32,32
157504,480,32,32
157536,480,32,32
157568,480,32,32
157600,480,32,32
157632,480,32,32
157664,480,32,32
157696,480,32,32
157728,480,32,32
157760,480,32,32
157792,480,32,32
157824,480,32,32
157856,480,32,32
157888,480,32,32
157920,480,32,32
157952,480,32,32
157984,480,32,32
158016,480,32,32
158048,480,32,32
158080,480,32,32
158112,480,32,32
158144,480,32,32
158176,480,32,32
158208,480,32,32
158240,480,32,32
158272,480,32,32
158304,480,32,32
158336,480,32,32
158368,480,32,32
158400,480,32,32
158432,480,32,32
158464,480,32,32
158496,480,32,32
158528,480,32,32
158560,480,32,32
158592,480,32,32
158624,480,32,32
158656,480,32,32
158688,480,32,32
158720,480,32,32
158752,480,32,32
158784,480,32,32
158816,480,32,32
158848,480,32,32
158880,480,32,32
158912,480,32,32
158944,480,32,32
158976,480,32,32
159008,480,32,32
159040,480,32,32
159072,480,32,32
159104,480,32,32
159136,480,32,32
159168,480,32,32
159200,480,32,32
159232,480,32,32
159264,480,32,32
159296,480,32,32
159328,480,32,32
159360,480,32,32
159392,480,32,32
159424,480,32,32
159456,480,32,32
159488,480,32,32
159520,480,32,32
159552,480,32,32
159584,480,32,32
159616,480,32,32
159648,480,32,32
159680,480,32,32
159712,480,32,32
159744,480,32,32
159776,480,32,32
159808,480,32,32
159840,480,32,32
159872,480,32,32
159904,480,32,32
159936,480,32,32
159968,480,32,32
